Points_0,Points_1,Points_2
0.695177,0.259586,-0.302882
0.738862,0.206164,-0.325479
0.690721,0.181976,-0.363947
0.780884,0.133412,-0.355366
0.741674,0.114422,-0.372936
0.640777,0.111817,-0.359588
0.621258,0.162757,-0.348871
0.597009,0.229937,-0.310618
0.643334,0.244118,-0.318275
0.579495,0.272757,-0.290151
0.616347,0.294745,-0.298024
0.718567,0.257452,-0.267749
0.570102,0.201306,-0.293528
0.594016,0.142568,-0.318165
0.54659,0.297487,-0.239802
0.559853,0.248834,-0.275803
0.555842,0.226573,-0.209818
0.664344,0.0994077,-0.232744
0.558813,0.178622,-0.217933
0.600413,0.11648,-0.230694
0.598575,0.225731,-0.132438
0.585681,0.299122,-0.149665
0.544214,0.280868,-0.19632
0.603688,0.165609,-0.137626
0.630763,0.126549,-0.131803
0.685339,0.114973,-0.137494
0.716804,0.0998662,-0.241274
0.737174,0.116789,-0.151548
0.753519,0.208174,-0.288459
0.800068,0.153526,-0.329455
0.773704,0.201972,-0.25088
0.823612,0.132654,-0.277853
0.733762,0.260273,-0.221699
0.76592,0.204991,-0.181796
0.796098,0.143877,-0.181276
0.73356,0.250113,-0.191693
0.65566,0.255856,-0.126002
0.628713,0.339663,-0.145362
0.677154,0.197013,-0.126914
0.712202,0.28607,-0.181253
-1.50654,0.236646,-0.365522
-1.4584,0.183224,-0.388118
-1.51145,0.159032,-0.426583
-1.41209,0.110472,-0.418006
-1.45529,0.0914776,-0.435575
-1.56649,0.0888723,-0.422228
-1.58801,0.139812,-0.411512
-1.61473,0.206992,-0.373254
-1.56368,0.221173,-0.380915
-1.63403,0.249813,-0.352791
-1.59342,0.2718,-0.360664
-1.48076,0.234512,-0.330389
-1.64438,0.178366,-0.356168
-1.61803,0.119623,-0.380805
-1.67029,0.274542,-0.302437
-1.65568,0.225894,-0.338443
-1.6601,0.203633,-0.272458
-1.54052,0.0764636,-0.295384
-1.65683,0.155677,-0.280573
-1.61098,0.0935405,-0.293335
-1.613,0.202791,-0.195078
-1.62721,0.276178,-0.212305
-1.67291,0.257924,-0.258956
-1.60737,0.142669,-0.200266
-1.57753,0.103604,-0.194443
-1.51739,0.0920285,-0.20013
-1.48271,0.076922,-0.30391
-1.46026,0.0938491,-0.214187
-1.44224,0.18523,-0.351094
-1.39094,0.130582,-0.392095
-1.42,0.179032,-0.31352
-1.365,0.109714,-0.340493
-1.46402,0.237333,-0.284338
-1.42858,0.182047,-0.244436
-1.39532,0.120933,-0.243916
-1.46424,0.227173,-0.254327
-1.5501,0.232917,-0.188638
-1.57979,0.316723,-0.207998
-1.52641,0.174068,-0.189554
-1.48778,0.26313,-0.243893
0.738866,0.206164,0.668514
0.695181,0.259586,0.64592
0.643338,0.244118,0.661313
0.780888,0.133412,0.698402
0.690725,0.181976,0.706985
0.621262,0.162757,0.691909
0.640781,0.111817,0.702625
0.741678,0.114422,0.715972
0.597013,0.229937,0.653656
0.579499,0.272757,0.633189
0.753523,0.208174,0.631495
0.559857,0.248834,0.618841
0.570106,0.201306,0.636566
0.59402,0.142568,0.661203
0.600416,0.11648,0.573732
0.555844,0.226573,0.552856
0.558816,0.178622,0.560971
0.585683,0.299122,0.492702
0.598577,0.225731,0.475476
0.60369,0.165609,0.480664
0.664347,0.0994077,0.575782
0.630765,0.126549,0.474841
0.716807,0.0998662,0.584312
0.685341,0.114973,0.480532
0.800072,0.153526,0.672491
0.773707,0.201972,0.593916
0.718571,0.257452,0.610787
0.765922,0.204991,0.524832
0.823616,0.132654,0.620889
0.733765,0.260273,0.564735
0.655662,0.255856,0.46904
0.677156,0.197013,0.469952
0.733562,0.250113,0.534728
0.737176,0.116789,0.494584
0.7961,0.143877,0.524312
-1.45839,0.183224,0.731171
-1.50653,0.236646,0.708576
-1.56367,0.221173,0.723969
-1.41208,0.110472,0.761058
-1.51144,0.159032,0.769637
-1.588,0.139812,0.754565
-1.56648,0.0888723,0.765282
-1.45528,0.0914776,0.778629
-1.61472,0.206992,0.716307
-1.63402,0.249813,0.695845
-1.44223,0.18523,0.694148
-1.65567,0.225894,0.681497
-1.64437,0.178366,0.699222
-1.61802,0.119623,0.723858
-1.61097,0.0935405,0.636388
-1.66009,0.203633,0.615512
-1.65682,0.155677,0.623627
-1.6272,0.276178,0.555359
-1.61299,0.202791,0.538132
-1.60736,0.142669,0.54332
-1.54051,0.0764636,0.638438
-1.57752,0.103604,0.537497
-1.4827,0.076922,0.646964
-1.51738,0.0920285,0.543183
-1.39093,0.130582,0.735147
-1.41999,0.179032,0.656572
-1.48075,0.234512,0.673443
-1.42857,0.182047,0.587488
-1.36499,0.109714,0.683545
-1.46401,0.237333,0.627392
-1.55009,0.232917,0.531691
-1.5264,0.174068,0.532608
-1.46423,0.227173,0.597381
-1.46025,0.0938491,0.557241
-1.39531,0.120933,0.586968
0.544216,0.280868,0.539358
-1.6729,0.257924,0.60201
1.93159,2.54042,-0.0895611
1.93144,2.52075,-0.0954461
1.91914,2.5251,-0.0988841
1.95282,2.52359,-0.0430381
1.93958,2.52786,-0.0868151
1.94421,2.50548,-0.0648441
1.91945,2.49953,-0.0851001
1.887,2.51272,-0.0951901
1.87473,2.53789,-0.104592
1.90693,2.53787,-0.105342
1.89098,2.56205,-0.102631
1.94014,2.55815,-0.0636461
1.9191,2.54159,-0.101278
2.3469,2.20107,0.0989109
2.37492,2.18983,0.0890365
2.35407,2.17249,0.0594589
2.32133,2.18289,0.0369859
2.32256,2.21835,0.0890235
2.29291,2.22008,0.0291219
2.2891,2.24386,0.0354959
2.30614,2.23548,0.0789422
2.29746,2.27104,0.0460629
2.32578,2.25786,0.0562499
2.36259,2.22344,0.0764691
2.32658,2.20581,0.0917036
2.39195,2.22273,0.1242
1.92357,2.56839,-0.0866691
1.93959,2.52786,0.429842
1.91911,2.54159,0.444305
1.90694,2.53787,0.44837
1.95283,2.52359,0.386065
1.94015,2.55815,0.406673
1.94422,2.50548,0.407872
1.91946,2.49953,0.428127
1.93145,2.52075,0.438473
1.91915,2.5251,0.441912
1.88701,2.51272,0.438218
1.89099,2.56205,0.445659
1.87474,2.53789,0.44762
1.9316,2.54042,0.432589
1.92358,2.56839,0.429697
2.35408,2.17249,0.283567
2.34691,2.20107,0.244114
2.32659,2.20581,0.251321
2.29292,2.22008,0.313904
2.32257,2.21835,0.254001
2.30615,2.23548,0.264083
2.29747,2.27104,0.296963
2.28911,2.24386,0.307529
2.32579,2.25786,0.286776
2.3626,2.22344,0.266556
2.32134,2.18289,0.30604
0.758466,1.29539,-0.217454
0.810446,1.33676,-0.199248
0.809097,1.24993,-0.183374
0.867235,1.35889,-0.159302
0.858957,1.25882,-0.15444
0.910638,1.34108,-0.109296
0.924576,1.26946,-0.0740891
0.856202,1.20464,-0.139964
0.799911,1.18773,-0.164102
0.708905,1.18134,-0.190744
0.73065,1.24211,-0.208826
0.785725,1.15349,-0.152562
0.69922,1.14649,-0.17405
0.770076,1.10926,-0.125527
0.685198,1.09335,-0.14631
0.75057,1.04781,-0.0785851
0.844022,1.11769,-0.105232
0.831027,1.06215,-0.0664631
0.871701,1.09113,-0.0643861
0.901958,1.13504,-0.0578101
0.854734,1.1689,-0.127378
0.925008,1.19113,-0.0682921
0.942843,1.31379,-0.0632101
1.00762,1.26947,-0.000928085
0.963663,1.19483,-0.0364041
1.00308,1.19314,-0.00582009
0.983848,1.12611,-0.0217031
0.956143,1.08936,-0.0328421
0.921821,1.04473,-0.0392561
0.856709,1.01538,-0.0415171
0.815705,1.01368,-0.0463181
0.739608,1.02171,-0.0626721
0.664639,1.03023,-0.117212
1.05278,1.26454,0.0459999
1.03897,1.19152,0.0339619
1.02324,1.1057,0.0251459
0.992937,1.05937,0.0150259
0.947437,1.00949,0.0117769
0.869907,0.977367,0.00122792
0.80438,0.977393,-0.000385087
0.736888,0.981122,-0.0185321
0.650797,0.982357,-0.0734971
1.05754,1.25667,0.171517
1.04028,1.18174,0.171517
1.02462,1.09803,0.171517
0.991625,1.04867,0.171517
0.941191,1.00577,0.171518
0.865046,0.966884,0.171518
0.783037,0.963569,0.171518
0.703242,0.976031,0.171518
0.59448,0.988784,0.171519
1.01794,1.46232,-0.0585731
0.954075,1.52708,-0.119131
0.997821,1.57783,-0.0832221
1.06437,1.49743,-0.0175731
1.03103,1.39827,-0.0185561
0.993457,1.42951,-0.0720741
0.932886,1.45158,-0.125139
0.914918,1.41013,-0.123596
0.902108,1.43766,-0.183551
1.06731,1.36742,0.0204949
1.09051,1.34126,0.0561389
1.09926,1.33201,0.171517
1.11776,1.3751,0.0548779
1.12244,1.36941,0.171517
1.09379,1.41095,0.0274029
-0.672265,0.998244,-0.224844
-0.487967,0.967365,-0.23427
-0.55184,0.900212,-0.189536
-0.50072,0.890924,-0.182532
-0.438477,0.907763,-0.19145
-0.279847,0.981898,-0.209815
-0.286662,0.935503,-0.181228
-0.293565,0.899876,-0.0739751
-0.491462,0.881631,-0.0770201
-0.301733,0.883346,0.00254991
-0.0361531,1.0075,-0.124876
-0.0403761,0.960519,-0.00566709
-0.0552261,0.942256,0.171521
-0.320445,0.873781,0.171522
0.505383,0.456253,-0.234821
0.52879,0.459092,-0.245532
0.544195,0.379433,-0.262265
0.577081,0.474869,-0.220891
0.612204,0.483853,-0.225603
0.63897,0.409413,-0.245294
0.626941,0.483769,-0.191952
0.654897,0.406966,-0.200622
0.512545,0.372319,-0.263297
0.51277,0.347259,-0.25728
0.542441,0.317773,-0.252475
0.506894,0.305752,-0.260083
0.679622,0.352055,-0.203898
0.669902,0.342978,-0.245942
0.56267,0.389343,-0.267956
0.554908,0.473599,-0.22667
0.501354,0.298584,-0.18463
0.515759,0.306946,-0.137357
0.530822,0.366055,-0.14039
0.513366,0.470262,-0.153301
0.49766,0.447737,-0.191819
0.499934,0.354356,-0.195514
0.621007,0.337927,-0.253529
0.590671,0.403224,-0.247304
0.584842,0.327179,-0.266797
0.565694,0.32059,-0.263178
0.630145,0.424405,-0.164608
0.662034,0.348087,-0.173482
0.566722,0.379001,-0.12382
0.605588,0.411626,-0.138424
0.578557,0.478761,-0.13793
0.559589,0.482464,-0.14058
0.617494,0.476804,-0.169007
-1.45733,0.92242,-0.158896
-1.50272,0.889892,-0.234707
-1.4366,1.00095,-0.264016
-1.53849,0.840323,-0.271338
-1.47095,0.99153,-0.306449
-1.57932,0.849003,-0.306096
-1.51393,0.99782,-0.320921
-1.62629,0.856765,-0.316905
-1.55469,1.01989,-0.326065
-1.67704,0.871131,-0.308
-1.60234,1.0447,-0.309367
-1.79073,0.903698,-0.226568
-1.79426,0.902967,-0.164577
-1.74521,1.02465,-0.125076
-1.72259,1.0777,-0.147879
-1.71548,1.07799,-0.219035
-1.73584,1.02503,-0.219947
-1.64613,0.552831,-0.295032
-1.65289,0.675028,-0.290258
-1.60468,0.68339,-0.284743
-1.64922,0.749582,-0.303138
-1.59565,0.749763,-0.297275
-1.66595,0.752593,-0.300745
-1.68539,0.54945,-0.2797
-1.69873,0.663615,-0.270112
-1.71888,0.764706,-0.271633
-1.73231,0.88105,-0.258536
-1.7276,0.545227,-0.249539
-1.74615,0.663364,-0.247397
-1.77374,0.764005,-0.239295
-1.6092,0.553889,-0.289927
-1.5778,0.678757,-0.262354
-1.56114,0.754916,-0.26172
-1.52709,0.819772,-0.215558
-1.56621,0.735176,-0.206843
-1.588,0.6609,-0.218295
-1.59505,0.572888,-0.225542
-1.58457,0.56788,-0.260093
-1.55873,0.807465,-0.170794
-1.59231,0.729217,-0.184741
-1.62774,0.728542,-0.166324
-1.63799,0.651017,-0.194342
-1.60361,0.81875,-0.145645
-1.66752,0.864034,-0.137358
-1.68617,0.737539,-0.163802
-1.67848,0.650267,-0.190198
-1.68054,0.553232,-0.205922
-1.63303,0.565046,-0.202563
-1.74257,0.873825,-0.13573
-1.76083,0.76688,-0.169616
-1.72416,0.653437,-0.193274
-1.70582,0.556075,-0.208301
-1.77893,0.762873,-0.200812
-1.75615,0.641112,-0.210131
-1.73851,0.547197,-0.227313
-1.7253,1.00351,-0.234737
0.599024,0.593755,-0.222892
0.623084,0.700529,-0.222191
0.640364,0.711981,-0.186102
0.635325,0.775207,-0.230077
0.650577,0.775987,-0.187614
0.639068,0.90596,-0.23054
0.652962,0.913454,-0.192084
0.645437,0.983635,-0.254811
0.655933,0.991459,-0.20712
0.513895,0.584287,-0.233291
0.501896,0.678087,-0.249147
0.488046,0.571891,-0.221574
0.506136,0.751553,-0.256663
0.474738,0.674653,-0.238157
0.504866,0.88205,-0.271095
0.464202,0.759606,-0.253154
0.475407,0.954189,-0.292809
0.441314,0.874089,-0.26304
0.477889,0.568457,-0.200645
0.447196,0.677417,-0.216821
0.422065,0.757499,-0.219634
0.427548,0.95519,-0.275546
0.412989,0.882469,-0.240356
0.481217,0.583868,-0.177061
0.453795,0.680335,-0.175707
0.42858,0.762507,-0.175147
0.400606,0.956724,-0.248771
0.397635,0.877898,-0.180944
0.522147,0.601311,-0.139442
0.487433,0.693198,-0.135427
0.472362,0.764332,-0.132451
0.387911,0.984614,-0.138264
0.451793,0.920621,-0.130286
0.609233,0.594329,-0.194614
0.601783,0.963208,-0.281123
0.603881,0.904122,-0.268168
0.569631,0.590926,-0.240904
0.593685,0.761211,-0.269852
0.541886,0.584432,-0.242222
0.54356,0.982365,-0.308612
0.549697,0.905215,-0.279691
0.55868,0.749922,-0.268565
0.549441,0.659741,-0.255472
0.588276,0.673652,-0.253815
0.506657,0.978738,-0.0938181
0.453178,0.976384,-0.103189
0.515085,0.939223,-0.121224
0.518321,0.768326,-0.110089
0.606306,0.602708,-0.151415
0.554022,0.587668,-0.125354
0.595114,0.728608,-0.133822
0.529486,0.696575,-0.112778
0.613311,0.979333,-0.0986361
0.62598,0.908997,-0.116229
0.605398,0.791137,-0.125023
0.691828,1.13546,-0.243394
0.673441,1.12428,-0.293872
0.678727,1.07274,-0.223699
0.61487,1.13832,-0.337053
0.661045,1.05811,-0.272021
0.543684,1.12057,-0.342167
0.618185,1.03207,-0.299686
0.453983,1.12324,-0.331631
0.542181,1.03371,-0.32628
0.408033,1.11406,-0.308197
0.458691,1.02478,-0.313254
0.378649,1.10612,-0.280276
0.416505,1.03919,-0.299495
0.342239,1.11456,-0.201053
0.389228,1.04925,-0.258963
0.707771,1.18257,-0.258016
0.695036,1.19346,-0.298125
0.640437,1.20599,-0.345319
0.558535,1.20045,-0.358076
0.473423,1.20035,-0.345892
0.419904,1.18366,-0.331996
0.382008,1.17364,-0.312521
0.325774,1.1788,-0.231752
0.727449,1.2577,-0.275525
0.468715,1.25423,-0.350829
0.571213,1.27388,-0.360509
0.6552,1.26921,-0.341373
0.699457,1.25838,-0.31939
0.377798,1.24476,-0.32832
0.425031,1.24512,-0.351105
1.07437,2.54881,0.156433
1.06391,2.55369,0.171517
1.17943,2.59365,0.171517
1.08639,2.52341,0.0966497
1.1735,2.58742,0.139589
1.09609,2.46141,0.0404459
1.18154,2.57294,0.106184
1.10856,2.39955,0.0221439
1.19217,2.50128,0.0417989
1.12122,2.33757,0.00390691
1.21915,2.45065,0.0215489
1.14229,2.21308,-0.0323321
1.23665,2.37963,-0.00515109
1.15397,2.07974,-0.0489411
1.27904,2.28192,-0.0289021
1.19409,1.90487,-0.0486371
1.3033,2.14702,-0.0442351
1.21222,1.79727,-0.0337911
1.31695,1.99114,-0.0279691
1.22907,1.75266,-0.0104011
1.34351,1.88779,-0.00116708
1.23734,1.71221,0.0148699
1.35301,1.85932,0.0118539
1.26385,1.6433,0.0582239
1.36778,1.82907,0.0358169
1.29737,1.62598,0.0888245
1.37909,1.79687,0.0653859
1.28462,1.61725,0.171516
1.39524,1.75986,0.0935717
1.39087,2.69728,0.105372
1.27238,2.62818,0.126263
1.27092,2.63621,0.171516
1.56697,1.96272,0.171515
1.47999,1.86118,0.171516
1.49161,1.87032,0.0844157
1.56444,1.95616,0.0897624
1.46252,1.88921,0.0624769
1.45027,1.92684,0.0340009
1.55754,1.97619,0.0392719
1.44477,1.9726,0.000833918
1.54125,2.03188,-0.00516508
1.43321,2.05574,-0.0319271
1.52953,2.13804,-0.0475321
1.39997,2.20204,-0.0571151
1.5061,2.25179,-0.0663191
1.35732,2.32494,-0.0394651
1.46094,2.36303,-0.0510191
1.33067,2.42957,-0.0100941
1.45915,2.45749,-0.0384601
1.30892,2.49485,0.00119992
1.42957,2.5474,-0.0237631
1.28169,2.55174,0.0315669
1.40459,2.65243,0.0291119
1.27322,2.60695,0.0920072
1.39906,2.67858,0.0648709
1.22119,1.51014,0.0827592
1.21813,1.51407,0.171517
0.779251,2.47656,0.171518
0.948482,2.51674,0.171518
0.945048,2.48561,0.0975891
0.788724,2.45847,0.0822142
0.954931,2.4235,0.0414569
0.808948,2.40499,0.0209899
0.971479,2.35799,0.0159869
0.858344,2.33472,-0.0149271
0.988974,2.28696,-0.0107131
0.873702,2.24583,-0.0543271
1.00613,2.16193,-0.0465291
0.91055,2.12813,-0.0848621
1.04761,2.02502,-0.0555271
0.95925,1.99367,-0.0998761
1.09729,1.85481,-0.0815921
1.02572,1.79957,-0.115583
0.987273,1.88649,-0.118289
1.13045,1.75519,-0.0664771
1.03504,1.71712,-0.111686
1.1436,1.6891,-0.0300481
1.04966,1.62342,-0.0579251
1.15833,1.61194,0.00394291
1.19662,1.54713,0.0497079
1.39291,1.76187,0.171516
0.929059,1.98273,-0.146117
0.961551,1.8564,-0.142842
0.978091,1.77633,-0.145099
0.957514,1.62247,-0.145108
0.978082,1.69924,-0.14476
0.856202,2.11554,-0.125822
0.842427,2.11948,-0.138121
0.80427,2.2273,-0.0919641
0.869077,1.43813,-0.241601
0.891612,1.49327,-0.261032
0.933966,1.51746,-0.189656
0.897311,1.58791,-0.257929
0.939255,1.59269,-0.179196
0.915821,1.6936,-0.280225
0.953189,1.6968,-0.210141
0.924425,1.77059,-0.275627
0.952012,1.77624,-0.2215
0.90109,1.87707,-0.251991
0.941186,1.85321,-0.202986
0.880989,2.00532,-0.194531
0.895897,2.00098,-0.167761
0.868664,2.12049,-0.114388
0.686037,2.46805,0.171519
0.68791,2.45369,0.0920535
0.710224,2.40884,0.0208629
0.762393,2.29584,-0.0691741
0.737826,1.29868,-0.267433
0.782105,1.35115,-0.275156
0.660135,2.44135,0.0777361
0.672116,2.4196,0.0274579
0.713238,2.32725,-0.0566011
0.74681,2.24097,-0.120885
0.782653,2.14966,-0.162952
0.805606,2.02446,-0.231948
0.82746,1.91327,-0.285753
0.847909,1.79014,-0.327515
0.850171,1.66427,-0.34431
0.829056,1.57212,-0.330477
0.823431,1.50541,-0.32718
0.799103,1.41878,-0.288274
0.635518,1.38776,-0.353703
0.677562,1.52228,-0.383766
0.544735,2.45401,0.0932178
0.538951,2.46775,0.171519
0.689619,1.59698,-0.391864
0.692052,1.65533,-0.399583
0.665564,1.80457,-0.383665
0.639882,1.91305,-0.332945
0.618944,2.04468,-0.277412
0.611151,2.17794,-0.208376
0.567594,2.31905,-0.107171
0.551064,2.39303,-0.00645908
0.540825,2.43545,0.0571949
-0.153483,2.42206,0.100666
-0.148687,2.44236,0.171522
0.0714054,2.4471,0.171521
-0.147453,2.38313,0.0442729
0.0732079,2.38686,0.0473399
-0.124659,2.33935,-0.0180491
0.0679399,2.33125,-0.0320451
-0.117329,2.25206,-0.106066
0.0832665,2.2109,-0.137289
-0.144743,2.17962,-0.189939
0.125849,2.11391,-0.213761
-0.112626,2.02588,-0.307313
0.154056,2.01281,-0.268995
-0.0143611,1.83574,-0.381472
0.161968,1.84721,-0.351224
-0.0144091,1.74506,-0.410795
0.156903,1.76576,-0.372016
-0.0242261,1.67058,-0.426496
0.166795,1.69855,-0.382221
-0.0129811,1.59673,-0.432558
0.163991,1.63513,-0.390412
-0.0110021,1.50738,-0.42941
0.171247,1.54392,-0.376464
-0.00933569,1.40067,-0.415335
0.177511,1.44816,-0.331159
-0.0194431,1.29935,-0.381172
0.166178,1.39822,-0.314676
-0.0119051,1.18021,-0.312004
0.162281,1.2853,-0.278022
-0.0181641,1.09941,-0.238363
0.169546,1.20781,-0.234492
-0.0145801,1.05878,-0.16566
0.158173,1.14345,-0.194881
0.154669,1.1084,-0.149526
0.150257,1.0383,-0.0824661
0.150385,1.01879,-0.0134211
-0.498792,2.42652,0.0894836
-0.4933,2.44765,0.171523
-0.352972,2.44419,0.171522
-0.497875,2.4032,0.0518599
-0.349714,2.42307,0.104784
-0.528235,2.37858,-0.0238181
-0.36978,2.39693,0.0540109
-0.515579,2.33635,-0.111059
-0.361393,2.36964,-1.40926e-05
-0.549464,2.26731,-0.163961
-0.331215,2.32827,-0.0685041
-0.653474,2.2105,-0.197761
-0.336945,2.2552,-0.137081
-0.679249,2.07696,-0.333742
-0.431108,2.12276,-0.256544
-0.583743,1.87284,-0.475301
-0.302849,1.88178,-0.421898
-0.536612,1.75873,-0.526863
-0.24963,1.75179,-0.477466
-0.488683,1.61603,-0.570022
-0.244098,1.68097,-0.499921
-0.487255,1.42303,-0.578477
-0.237045,1.5805,-0.508627
-0.4747,1.27688,-0.55388
-0.247448,1.45828,-0.523328
-0.46684,1.15359,-0.49147
-0.242793,1.31298,-0.494786
-0.483159,1.0629,-0.407271
-0.270397,1.17549,-0.443489
-0.483992,1.0207,-0.34323
-0.283784,1.08594,-0.373929
-0.283943,1.04042,-0.307816
-0.787902,2.45425,0.11268
-0.771993,2.46728,0.171524
-0.63387,2.45318,0.171523
-0.793214,2.43309,0.0498469
-0.646213,2.43466,0.10456
-0.82193,2.40991,-0.0550661
-0.672996,2.41919,0.0423529
-0.842088,2.39106,-0.148258
-0.700711,2.38845,-0.0673821
-0.870899,2.3555,-0.226453
-0.71319,2.34493,-0.16396
-0.936001,2.29685,-0.29141
-0.743836,2.29348,-0.189773
-0.936611,2.17723,-0.335866
-0.815824,2.20518,-0.245853
-0.893245,2.06543,-0.374578
-0.78138,2.11118,-0.314862
-0.871711,1.93266,-0.424532
-0.758088,2.03586,-0.381337
-0.904287,1.81007,-0.46326
-0.746094,1.86662,-0.470733
-0.908748,1.66903,-0.494536
-0.726958,1.75244,-0.513227
-0.867224,1.37171,-0.51317
-0.716437,1.52871,-0.573557
-0.858703,1.26148,-0.468362
-0.726919,1.29636,-0.548382
-0.870243,1.18254,-0.40552
-0.719892,1.17635,-0.488031
-0.87258,1.13485,-0.319068
-0.693483,1.09083,-0.425043
0.4727,1.30155,-0.361197
0.470901,1.38235,-0.378084
0.390041,2.46694,0.17152
0.39262,2.44913,0.0734877
0.402022,2.42802,0.0442229
0.407884,2.39335,-0.00529408
0.411327,2.33364,-0.0867861
0.416696,2.26791,-0.155156
0.445383,2.01961,-0.299345
0.440305,2.09333,-0.264491
0.466485,1.86495,-0.345274
0.474838,1.77865,-0.362731
0.479832,1.68825,-0.377732
0.481507,1.5961,-0.386869
0.487886,1.49895,-0.397647
0.273393,1.09316,-0.127663
0.333709,1.08345,-0.162937
0.281557,1.0361,-0.0827571
0.316333,0.997953,0.17152
0.287225,1.0041,-0.0200211
0.455405,0.993368,0.171519
0.285352,1.14265,-0.191281
0.300246,1.27027,-0.270014
0.353258,1.43082,-0.316127
0.33768,1.26282,-0.27868
0.290179,1.20123,-0.222803
0.156782,0.992711,0.17152
-0.671953,1.04469,-0.34363
-0.854192,2.45977,0.1125
-0.847584,2.47626,0.171524
-0.867588,2.43957,0.0535449
-0.876961,2.41858,-0.0617801
-0.898049,2.40939,-0.146798
-0.949521,2.37069,-0.261506
-1.01106,2.29299,-0.319234
-1.01631,2.15748,-0.349289
-1.0488,1.96938,-0.361601
-1.04384,1.87912,-0.376685
-1.05035,1.80648,-0.398117
-1.04339,1.69445,-0.432897
-1.04679,1.55516,-0.446192
-1.06222,1.44129,-0.3997
-1.038,1.33993,-0.34582
-1.02683,1.26299,-0.302713
-0.994341,2.46834,0.117966
-0.991091,2.48502,0.171525
-1.00781,2.45022,0.0623849
-1.02117,2.44445,-0.0197031
-1.10272,2.39258,-0.183941
-1.13198,2.2915,-0.297542
-1.12505,2.1796,-0.33241
-1.13972,2.03708,-0.3393
-1.147,1.9211,-0.352934
-1.14302,1.86131,-0.372735
-1.10412,1.7824,-0.403553
-1.08847,1.69639,-0.430535
-1.11189,1.55823,-0.435485
-1.14853,1.44784,-0.391673
-1.15587,1.34664,-0.319613
-1.15291,1.29363,-0.282017
-1.14842,1.27856,-0.253514
-1.16878,2.481,0.110526
-1.15898,2.49138,0.171525
-1.17785,2.46875,0.0704695
-1.19432,2.45253,-0.0194071
-1.20958,2.39515,-0.183468
-1.22441,2.27745,-0.305282
-1.2642,2.1482,-0.344725
-1.26517,2.01839,-0.359157
-1.24667,1.92097,-0.37433
-1.20352,1.84789,-0.389609
-1.16473,1.77129,-0.417005
-1.16225,1.68799,-0.450842
-1.2164,1.5142,-0.448651
-1.25551,1.37563,-0.387435
-1.26244,1.26803,-0.32577
-1.26565,1.22768,-0.288985
-1.26887,1.18733,-0.252199
-1.43032,2.5195,0.141917
-1.41116,2.52527,0.171526
-1.4411,2.50459,0.0750769
-1.44363,2.48438,-0.00265109
-1.44898,2.4497,-0.0950091
-1.44997,2.37478,-0.21461
-1.43562,2.23602,-0.317989
-1.38596,2.048,-0.380453
-1.37002,1.96916,-0.388154
-1.36333,1.92613,-0.3899
-1.34253,1.81236,-0.40889
-1.32473,1.71419,-0.432945
-1.31651,1.63193,-0.443573
-1.30249,1.49569,-0.434611
-1.32346,1.31722,-0.381467
-1.38352,1.14575,-0.342944
-1.59791,2.54758,0.149002
-1.59105,2.562,0.171527
-1.60874,2.50451,0.075708
-1.6077,2.49344,0.0114459
-1.62257,2.46853,-0.0776721
-1.61226,2.41028,-0.17428
-1.58726,2.32396,-0.243417
-1.54379,2.16618,-0.324773
-1.49773,2.01292,-0.361431
-1.48221,1.88636,-0.368145
-1.48062,1.7963,-0.37391
-1.43654,1.71355,-0.397366
-1.41993,1.57315,-0.419002
-1.40544,1.45429,-0.420981
-1.40914,1.28818,-0.384416
-1.45362,1.14418,-0.353206
-1.8036,2.42257,0.0317339
-1.79829,2.42918,0.171528
-1.74765,2.45966,0.171527
-1.80688,2.37774,-0.0544671
-1.73254,2.47769,0.00397592
-1.80064,2.31802,-0.0979791
-1.74879,2.44069,-0.0730211
-1.78443,2.24738,-0.139142
-1.72383,2.38453,-0.132473
-1.76941,2.16701,-0.16478
-1.69709,2.31113,-0.204908
-1.74163,2.01821,-0.21903
-1.6824,2.20671,-0.23003
-1.70978,1.84709,-0.263826
-1.66109,2.03128,-0.263073
-1.68523,1.75688,-0.292841
-1.62412,1.88132,-0.306674
-1.64513,1.6714,-0.319373
-1.59418,1.77859,-0.341987
-1.61908,1.52332,-0.340876
-1.56196,1.69383,-0.364486
-1.61694,1.3852,-0.331033
-1.53355,1.52737,-0.393399
-1.62831,1.23947,-0.297941
-1.53094,1.40662,-0.394501
-1.64072,1.12447,-0.269734
-1.54702,1.23768,-0.366002
-1.6578,1.05893,-0.253243
-1.56687,1.12224,-0.328176
-1.8985,2.38034,0.0414009
-1.87896,2.38592,0.171528
-1.88218,2.32624,-0.0195331
-1.8763,2.27511,-0.0495081
-1.8633,2.20469,-0.0813611
-1.85657,2.12721,-0.0996591
-1.83144,2.00345,-0.136065
-1.79691,1.85849,-0.20187
-1.76152,1.74964,-0.23326
-1.73558,1.6297,-0.2483
-1.70251,1.49269,-0.262297
-1.67736,1.37829,-0.276121
-1.67946,1.24799,-0.25237
-1.69684,1.16072,-0.231947
-1.88737,2.27533,0.0781907
-1.88739,2.30467,0.171528
-1.88379,2.2407,0.0523019
-1.88125,2.18972,0.0318659
-1.87092,2.14001,0.0106359
-1.86736,2.09092,0.00809691
-1.85279,1.98872,-0.0137361
-1.82594,1.84967,-0.0596691
-1.80381,1.74149,-0.10114
-1.77651,1.62419,-0.151018
-1.75375,1.52831,-0.15752
-1.69956,1.35749,-0.178433
-1.33772,1.10423,-0.254474
-1.39437,1.01371,-0.218799
0.648158,2.46309,0.171519
-1.49145,0.88704,-0.142657
-1.71571,0.433309,-0.297455
-1.68992,0.436152,-0.308172
-1.67293,0.356493,-0.324905
-1.63669,0.451925,-0.283531
-1.59798,0.460908,-0.288243
-1.56848,0.386473,-0.307934
-1.58174,0.460829,-0.254592
-1.55093,0.384022,-0.263263
-1.70782,0.349379,-0.325932
-1.70757,0.324314,-0.319919
-1.67487,0.294833,-0.315115
-1.71405,0.282812,-0.322723
-1.52369,0.32911,-0.266538
-1.5344,0.320038,-0.308582
-1.65257,0.366398,-0.330592
-1.66113,0.450655,-0.28931
-1.72015,0.275644,-0.247269
-1.70428,0.284002,-0.199997
-1.68768,0.343115,-0.203026
-1.70691,0.447322,-0.215936
-1.72422,0.424793,-0.254459
-1.72172,0.331416,-0.258153
-1.58828,0.314987,-0.316164
-1.62172,0.38028,-0.30994
-1.62814,0.30424,-0.329437
-1.64924,0.297645,-0.325818
-1.57821,0.401465,-0.227248
-1.54307,0.325147,-0.236122
-1.64811,0.356057,-0.18646
-1.60528,0.388682,-0.201064
-1.63507,0.455821,-0.20057
-1.65597,0.45952,-0.20322
-1.59215,0.45386,-0.231643
-1.68524,1.26172,-0.189881
-1.82937,2.04898,0.0443539
-1.81984,1.99042,0.0478229
-1.81107,1.87467,0.0295869
-1.80234,1.74539,-0.0181791
-1.78203,1.64523,-0.0693311
-1.83857,2.03068,0.171528
-1.83971,2.2497,0.171528
-1.84277,2.19262,0.171528
-1.84882,2.12289,0.171528
-1.96565,2.12222,0.14612
-1.94675,1.8993,0.148108
-1.95212,1.8987,0.171528
-1.95396,2.33198,0.144136
-1.97148,2.12162,0.171528
-1.8826,2.46785,0.142152
-1.96027,2.33227,0.171528
-1.78156,2.54436,0.140168
-1.88872,2.47074,0.171528
-1.67952,2.56371,0.138184
-1.78539,2.55049,0.171528
-1.94973,2.12386,0.127522
-1.93209,1.90096,0.13096
-1.93672,2.33122,0.124084
-1.86585,2.45996,0.120645
-1.77106,2.52761,0.117207
-1.67479,2.54446,0.113768
-1.92797,2.1261,0.120707
-1.91205,1.90323,0.124679
-1.91316,2.33018,0.116735
-1.84297,2.44918,0.112768
-1.75673,2.50473,0.108796
-1.9062,2.12834,0.127504
-1.89201,1.90549,0.130947
-1.88959,2.32913,0.124066
-1.82008,2.4384,0.120627
-1.74238,2.48185,0.117189
-1.89025,2.12998,0.146098
-1.87733,1.90715,0.148081
-1.87233,2.32836,0.14411
-1.80332,2.4305,0.142121
-1.73188,2.46509,0.140133
-1.88441,2.13059,0.171497
-1.87194,1.90776,0.171502
-1.866,2.32808,0.171497
-1.72802,2.45895,0.171488
-1.68124,2.57076,0.171527
1.89098,2.497,-0.100947
1.88272,2.57073,-0.109737
1.92372,2.5841,-0.0810051
1.94834,2.56566,-0.0591231
1.92761,2.49109,-0.0821161
1.94833,2.49269,-0.0580431
1.91143,2.47142,-0.0876301
1.887,2.48027,-0.0943441
1.93591,2.46574,-0.0724841
1.9445,2.47596,-0.0514391
1.95702,2.50648,-0.0326741
1.93653,2.58494,-0.0488471
1.96083,2.5517,-0.0405071
1.87528,2.60064,-0.0824281
1.89978,2.60302,-0.0665021
1.84659,2.50903,-0.0987561
1.85874,2.57369,-0.0967721
1.86307,2.61343,-0.0890451
1.89579,2.63153,-0.0677981
1.92019,2.63034,-0.0562001
1.91604,2.59867,-0.0633101
1.95305,2.60794,-0.0348871
1.97733,2.56254,-0.0277191
1.98548,2.51769,-0.0241131
1.96533,2.48525,-0.0227961
1.94841,2.4559,-0.0534721
1.9238,2.44569,-0.0741411
1.89519,2.44726,-0.0895921
1.87095,2.47222,-0.0947491
1.99402,2.54424,-0.00548109
1.98981,2.51218,-0.00848209
1.97763,2.46796,-0.0124761
1.96073,2.44668,-0.0425261
1.91583,2.42092,-0.0683751
1.89143,2.42209,-0.0798191
1.84281,2.4394,-0.0891381
1.81868,2.45909,-0.0826841
1.96549,2.60638,-0.0190621
1.98161,2.57354,-0.0146361
1.92463,2.64118,-0.0431351
1.86726,2.62465,-0.0799201
1.84245,2.57881,-0.108018
1.83251,2.57726,-0.0992811
1.83841,2.50941,-0.102516
1.8145,2.58177,-0.0949641
1.88027,2.66522,-0.0397801
1.8999,2.64708,-0.0622441
1.90519,2.65854,-0.0126171
1.95021,2.62691,0.0196409
1.9788,2.58484,0.0351619
1.99477,2.54114,0.0265799
1.99853,2.50141,0.0185039
1.81843,2.50075,-0.0947581
1.83712,2.69321,0.00841791
1.87832,2.67714,0.0464159
1.93937,2.62599,0.0724284
1.98379,2.58056,0.0792829
2.00803,2.5361,0.0784099
2.01929,2.48668,0.0449839
2.01068,2.43594,0.0241679
1.99757,2.39576,-0.0199211
1.94441,2.34228,-0.0522461
1.91993,2.33517,-0.0604981
1.86312,2.32909,-0.0800221
1.82664,2.34189,-0.0860701
1.78245,2.40248,-0.0831721
1.75835,2.46662,-0.0764101
1.74617,2.55648,-0.0837061
1.75427,2.49157,-0.0820351
1.83915,2.64038,-0.0736031
1.7586,2.61998,-0.0697191
1.97389,2.57576,0.171545
2.02103,2.53616,0.118621
2.04844,2.47473,0.0836555
2.04757,2.40116,0.0481749
2.05477,2.31556,0.0115039
1.81053,2.31378,-0.0884151
1.7741,2.34665,-0.0925221
1.75804,2.38678,-0.0882681
1.72178,2.42373,-0.0918301
1.7138,2.46386,-0.0877661
1.70187,2.50793,-0.0832251
1.8409,2.69364,0.171391
1.79108,2.72404,0.109748
1.79179,2.67743,-0.0365481
1.71939,2.70465,-0.0240991
1.76577,2.73304,0.0585789
1.68286,2.64527,-0.0371301
1.70205,2.57222,-0.0770101
2.05036,2.28427,0.000447918
2.02177,2.22489,-0.0127631
1.9323,2.22487,-0.0511971
1.84689,2.28054,-0.0803521
2.09354,2.47121,0.118788
2.03026,2.53149,0.171606
2.11874,2.45926,0.171707
2.13902,2.43841,0.171734
2.13792,2.42263,0.117051
2.1209,2.39367,0.0822711
2.11646,2.35906,0.0627599
2.09936,2.29804,0.0248819
2.08289,2.26265,0.0137119
2.06688,2.2017,0.0163219
2.0624,2.17475,0.00169991
1.94833,2.19241,-0.0507211
1.83457,2.22074,-0.0898341
1.79397,2.24633,-0.102683
1.74138,2.29608,-0.11276
1.70116,2.35668,-0.110115
1.68935,2.41252,-0.100294
1.68149,2.46033,-0.0915041
2.21153,2.37347,0.171817
2.21862,2.36124,0.121362
2.20163,2.34034,0.0873577
2.18481,2.31455,0.0610149
2.16001,2.27268,0.0331419
2.13967,2.23705,0.0261819
2.12741,2.19732,0.0186399
2.12322,2.17316,0.0163999
2.27897,2.32503,0.11646
2.27396,2.31257,0.0790084
2.25402,2.31985,0.0883097
2.26503,2.2795,0.0436469
2.22042,2.26064,0.0305769
2.23727,2.29446,0.0578589
2.25249,2.24505,0.0243389
2.20027,2.22424,0.0316699
2.24829,2.19314,0.0154309
2.208,2.19728,0.0167659
2.25483,2.34076,0.122684
2.16341,2.16958,0.0109739
2.35534,2.28898,0.111201
2.34291,2.29053,0.0955342
2.31046,2.30371,0.0854398
2.37654,2.25619,0.171932
2.38369,2.26402,0.116261
2.36696,2.26635,0.0926336
2.32029,2.31284,0.171933
2.32319,2.30906,0.11389
2.37672,2.22296,0.171932
2.36067,2.17835,0.171932
2.3759,2.16944,0.131698
2.35259,2.15001,0.171932
2.36396,2.14467,0.137552
2.35921,2.13166,0.104033
2.37105,2.15698,0.0940839
2.33009,2.1192,0.0671419
2.28492,2.12235,0.0359589
2.28874,2.1479,0.0222369
2.34204,2.14794,0.0615129
2.30497,2.15516,0.0306959
2.2562,2.16148,0.00803791
2.25221,2.14474,0.0146459
2.21571,2.16228,0.000923906
2.1595,2.12474,0.0148619
2.20775,2.14144,0.00722291
2.24838,2.12391,0.0208529
2.20797,2.12022,0.0172859
2.1879,2.11178,0.0210819
2.13948,2.13637,0.0204379
2.14356,2.10747,0.0256839
2.16386,2.09468,0.0321059
2.11925,2.14071,0.0173389
2.11539,2.11182,0.0227699
2.11669,2.06999,0.0794543
2.19282,2.08351,0.0627299
2.17748,2.06036,0.0932206
2.23338,2.07838,0.0734103
2.21795,2.05561,0.0999516
2.28198,2.08547,0.0811023
2.26259,2.05403,0.115032
2.05842,2.13836,0.00225591
2.05053,2.10907,0.0118869
2.08379,2.0804,0.0568239
2.03907,2.08631,0.0381819
2.29617,2.07259,0.171933
2.30349,2.06763,0.139638
2.32729,2.08922,0.125069
2.25158,2.04977,0.171933
2.20269,2.04763,0.140043
2.20733,2.04901,0.171933
2.14998,2.05331,0.125708
2.04608,2.05738,0.171765
2.00161,2.05029,0.171725
2.01241,2.04316,0.107667
2.1093,2.05489,0.11054
2.06854,2.05685,0.0914225
2.09448,2.06147,0.171804
2.06121,2.05376,0.123663
2.15902,2.04942,0.171933
2.01975,2.04627,0.0752626
1.9171,2.03779,0.171655
1.9359,2.0312,0.108284
1.95053,2.03701,0.0477469
1.80638,2.0051,0.0885096
1.80011,2.01385,0.171558
1.95402,2.08024,0.0193149
1.82506,2.01936,0.0245519
1.96135,2.09905,-0.00726609
1.95687,2.14995,-0.0306241
1.8388,2.14662,-0.0768481
1.83952,2.09889,-0.0449591
1.83244,2.06706,-0.00736709
1.76151,2.18655,-0.111697
1.7299,2.13134,-0.0839311
1.69476,2.08581,-0.0307471
1.68733,2.0546,-0.00122109
1.64248,2.08151,-0.0259641
1.67907,1.99029,0.171458
1.66944,1.98846,0.0980538
1.65214,2.00194,0.0431459
1.60655,2.05542,-0.00739708
1.67289,2.17832,-0.106452
1.57341,2.12438,-0.0486001
1.63337,2.15479,-0.0712921
1.65818,2.09899,-0.0407441
1.58851,2.27495,-0.0991381
1.62038,2.28849,-0.114836
1.65646,2.32541,-0.120077
1.7091,2.23554,-0.113879
1.6488,2.42176,-0.110578
1.6774,2.50478,-0.0910941
1.64501,2.47313,-0.0975521
1.60895,2.41179,-0.0903661
1.56456,2.39137,-0.0873251
1.54889,2.24786,-0.0684661
1.61702,2.45996,-0.0858971
1.5768,2.4555,-0.0814091
1.54096,2.37296,-0.0643181
1.91333,2.63302,0.171474
2.27994,2.33332,0.171933
2.35261,2.29198,0.171932
1.65119,2.82093,0.171184
1.71174,2.792,0.17125
1.71059,2.79256,0.114099
1.66208,2.81752,0.10966
1.70519,2.78638,0.0528659
1.65756,2.81986,0.085592
1.70067,2.77986,0.0362349
1.59489,2.82886,0.171136
1.59371,2.8215,0.111635
1.6008,2.82105,0.074907
1.66087,2.82257,0.0573929
1.60447,2.82693,0.0551359
1.65602,2.80994,0.0199239
1.69228,2.7818,0.0163629
1.74397,2.76742,0.171285
1.72025,2.74578,0.0122279
1.55012,2.78654,-0.0285211
1.54578,2.74286,-0.0366311
1.53048,2.73171,-0.00498008
1.53903,2.786,0.0203219
1.52693,2.73745,0.0198949
1.54842,2.81302,0.0753436
1.54637,2.81332,0.171097
1.55603,2.8069,0.0543209
1.55565,2.80846,0.0382139
1.56291,2.81193,0.00202291
1.51122,2.7483,0.0334319
1.52396,2.79018,0.0615869
1.53553,2.78406,0.0404719
1.50597,2.77717,0.17107
1.43535,2.71673,0.0686569
1.49438,2.71462,0.00632191
1.45411,2.69009,0.00887391
1.52235,2.71971,-0.00595408
1.54536,2.69586,-0.0534481
1.49666,2.68504,-0.0654821
1.46881,2.66778,-0.0543861
1.44854,2.62373,-0.0581771
1.4333,2.6238,-0.0173101
1.56139,2.70862,-0.0605591
1.56068,2.68733,-0.0909881
1.51595,2.68045,-0.102735
1.47981,2.66004,-0.0998821
1.46373,2.6272,-0.0945531
1.57556,2.68392,-0.140301
1.53089,2.6735,-0.15654
1.50709,2.65189,-0.141812
1.48713,2.61868,-0.132441
1.64199,2.67612,-0.0615861
1.60505,2.69497,-0.0872901
1.60465,2.68451,-0.104402
1.61227,2.68234,-0.125041
1.58706,2.69507,-0.171863
1.54605,2.67775,-0.200975
1.52206,2.64414,-0.187401
1.63151,2.69821,-0.164458
1.60613,2.71582,-0.218938
1.5574,2.69284,-0.232149
1.53749,2.64724,-0.21999
1.55627,2.69355,-0.280695
1.57974,2.73265,-0.309833
1.55409,2.72293,-0.375086
1.59679,2.74133,-0.27303
1.64654,2.72332,-0.215164
1.62854,2.7472,-0.293452
1.61191,2.75309,-0.312747
1.58631,2.76341,-0.375906
1.55266,2.74919,-0.437258
1.53687,2.69065,-0.418311
1.53175,2.7118,-0.468775
1.53207,2.65267,-0.275956
1.53849,2.66359,-0.347927
1.50651,2.61371,-0.165744
1.52113,2.61557,-0.22666
1.52012,2.62378,-0.270335
1.52213,2.60831,-0.361028
1.54775,2.63882,-0.468071
1.55671,2.57833,-0.429637
1.57825,2.50348,-0.368478
1.52746,2.55788,-0.30128
1.56755,2.48567,-0.309194
1.49646,2.54779,-0.0706171
1.50364,2.55577,-0.110519
1.55266,2.51252,-0.0834681
1.53757,2.49982,-0.0357051
1.52506,2.54733,-0.233351
1.51889,2.55964,-0.151003
1.57742,2.48223,-0.232731
1.64993,2.62399,-0.0668091
1.66224,2.61082,-0.0562481
1.6458,2.58744,-0.0662631
1.57682,2.73268,-0.435429
1.55601,2.699,-0.462442
1.58585,2.69634,-0.394499
1.57293,2.69179,-0.431162
1.56844,2.69744,-0.446617
1.57366,2.68474,-0.399485
1.5983,2.73529,-0.378904
1.59824,2.71523,-0.380839
1.57704,2.71145,-0.425206
1.59903,2.69562,-0.346235
1.62901,2.6151,-0.0995571
1.63234,2.65832,-0.127831
1.6674,2.60672,-0.182271
1.67911,2.65289,-0.198334
1.67416,2.69278,-0.234864
1.64482,2.71434,-0.288872
1.61955,2.72667,-0.331587
1.60747,2.71862,-0.332085
1.63257,2.70234,-0.28975
1.64189,2.66879,-0.236438
1.63859,2.63758,-0.207005
1.60454,2.68585,-0.286549
1.63374,2.55104,-0.0653551
1.63917,2.61085,-0.181218
1.60938,2.66191,-0.248468
1.59828,2.63365,-0.20645
1.57869,2.59872,-0.180988
1.57777,2.60671,-0.220701
1.57679,2.62693,-0.263376
1.5793,2.64529,-0.326403
1.57842,2.66513,-0.364974
1.56933,2.5837,-0.234851
1.56407,2.58914,-0.290975
1.56678,2.61464,-0.345345
1.56988,2.63857,-0.383607
1.58136,2.53924,-0.235442
1.57185,2.53701,-0.296194
1.57456,2.56738,-0.358071
1.56552,2.59961,-0.399397
1.56084,2.64733,-0.431034
1.56051,2.66484,-0.445598
1.64543,2.52013,-0.0807351
1.61359,2.51861,-0.0640371
1.63517,2.5859,-0.175403
1.66763,2.58961,-0.171811
1.61927,2.56509,-0.169073
1.54505,2.44963,-0.0609851
1.38615,2.7127,0.171516
1.41744,2.73594,0.171004
1.47698,2.54919,-0.0416431
0.810448,1.33676,0.542284
0.758469,1.29539,0.560489
0.730653,1.24211,0.551864
0.867237,1.35889,0.502338
0.809099,1.24993,0.52641
0.91064,1.34108,0.452332
0.858959,1.25882,0.497476
0.856204,1.20464,0.482999
0.924578,1.26946,0.417124
0.799913,1.18773,0.507138
0.708907,1.18134,0.533782
0.785727,1.15349,0.495598
0.770078,1.10926,0.468563
0.699222,1.14649,0.517088
0.750572,1.04781,0.421621
0.6852,1.09335,0.489348
0.844024,1.11769,0.448268
0.871703,1.09113,0.407422
0.831029,1.06215,0.409498
0.90196,1.13504,0.400845
0.854736,1.1689,0.470414
0.942845,1.31379,0.406245
0.963665,1.19483,0.37944
1.00762,1.26947,0.343962
0.92501,1.19113,0.411328
0.98385,1.12611,0.364739
1.00308,1.19314,0.348856
0.956145,1.08936,0.375878
0.921823,1.04473,0.382292
0.856711,1.01538,0.384553
0.815707,1.01368,0.389353
0.73961,1.02171,0.405708
0.664641,1.03023,0.46025
1.03897,1.19152,0.309072
1.05278,1.26454,0.297033
1.02324,1.1057,0.317888
0.992939,1.05937,0.32801
0.947439,1.00949,0.331259
0.869909,0.977367,0.341807
0.804382,0.977393,0.343421
0.73689,0.981122,0.361569
0.650799,0.982357,0.416535
0.997823,1.57783,0.426258
0.954077,1.52708,0.462166
1.01794,1.46232,0.401607
1.06437,1.49743,0.360607
1.03103,1.39827,0.36159
0.993459,1.42951,0.41511
0.932888,1.45158,0.468175
0.91492,1.41013,0.466632
0.90211,1.43766,0.526587
1.06731,1.36742,0.322539
1.09052,1.34126,0.286895
1.11777,1.3751,0.288155
1.0938,1.41095,0.315631
-0.279845,0.981898,0.552859
-0.487964,0.967365,0.577316
-0.438475,0.907763,0.534495
-0.293563,0.899876,0.417018
-0.28666,0.935503,0.524272
-0.0361511,1.0075,0.467918
-0.301731,0.883346,0.340494
-0.0403741,0.960519,0.348709
0.528793,0.459092,0.58857
0.505386,0.456253,0.577858
0.512549,0.372319,0.606335
0.612207,0.483853,0.568641
0.577084,0.474869,0.563929
0.590674,0.403224,0.590342
0.626943,0.483769,0.534989
0.638973,0.409413,0.588332
0.512774,0.347259,0.600318
0.544199,0.379433,0.605303
0.506898,0.305752,0.603121
0.542445,0.317773,0.595513
0.546593,0.297487,0.58284
0.679624,0.352055,0.546936
0.654899,0.406966,0.54366
0.554911,0.473599,0.569708
0.562674,0.389343,0.610994
0.499936,0.354356,0.538551
0.501356,0.298584,0.527668
0.515761,0.306946,0.480395
0.497662,0.447737,0.534857
0.513368,0.470262,0.496339
0.530824,0.366055,0.483428
0.62101,0.337927,0.596566
0.669905,0.342978,0.58898
0.584846,0.327179,0.609835
0.565698,0.32059,0.606216
0.630147,0.424405,0.507646
0.566724,0.379001,0.466858
0.60559,0.411626,0.481462
0.628715,0.339663,0.4884
0.662036,0.348087,0.51652
0.578559,0.478761,0.480968
0.559591,0.482464,0.483617
-1.50271,0.889892,0.577761
-1.45732,0.92242,0.50195
-1.39436,1.01371,0.561851
-1.53848,0.840323,0.614392
-1.43659,1.00095,0.60707
-1.57931,0.849003,0.64915
-1.47094,0.99153,0.649503
-1.62628,0.856765,0.659959
-1.51392,0.99782,0.663974
-1.67703,0.871131,0.651054
-1.55468,1.01989,0.669119
-1.79425,0.902967,0.507633
-1.79072,0.903698,0.569624
-1.73583,1.02503,0.563003
-1.71547,1.07799,0.562091
-1.72258,1.0777,0.490935
-1.7452,1.02465,0.468132
-1.65288,0.675028,0.633312
-1.64612,0.552831,0.638086
-1.60919,0.553889,0.632981
-1.64921,0.749582,0.646192
-1.60467,0.68339,0.627797
-1.59564,0.749763,0.640329
-1.66594,0.752593,0.643798
-1.69872,0.663615,0.613167
-1.68538,0.54945,0.622754
-1.71887,0.764706,0.614688
-1.7323,0.88105,0.601592
-1.74614,0.663364,0.590453
-1.72759,0.545227,0.592595
-1.77373,0.764005,0.58235
-1.58456,0.56788,0.603147
-1.57779,0.678757,0.605408
-1.56113,0.754916,0.604773
-1.52708,0.819772,0.558612
-1.5662,0.735176,0.549897
-1.58799,0.6609,0.561349
-1.59504,0.572888,0.568596
-1.5923,0.729217,0.527795
-1.55872,0.807465,0.513847
-1.62773,0.728542,0.509378
-1.6036,0.81875,0.488699
-1.68616,0.737539,0.506856
-1.66751,0.864034,0.480412
-1.67847,0.650267,0.533252
-1.68053,0.553232,0.548976
-1.63798,0.651017,0.537396
-1.70886,0.982264,0.455168
-1.63594,0.935851,0.453007
-1.74256,0.873825,0.478786
-1.76082,0.76688,0.512671
-1.72415,0.653437,0.53633
-1.70581,0.556075,0.551356
-1.77892,0.762873,0.543868
-1.75614,0.641112,0.553186
-1.7385,0.547197,0.570369
0.623087,0.700529,0.565229
0.599026,0.593755,0.56593
0.609235,0.594329,0.537652
0.635328,0.775207,0.573115
0.640366,0.711981,0.52914
0.639071,0.90596,0.573578
0.650579,0.775987,0.530652
0.64544,0.983635,0.597849
0.652964,0.913454,0.535122
0.513898,0.584287,0.576329
0.488049,0.571891,0.564612
0.501899,0.678087,0.592185
0.474741,0.674653,0.581195
0.50614,0.751553,0.5997
0.464205,0.759606,0.596192
0.50487,0.88205,0.614133
0.441318,0.874089,0.60608
0.475411,0.954189,0.635847
0.427552,0.95519,0.618586
0.447199,0.677417,0.559861
0.422067,0.757499,0.562673
0.412992,0.882469,0.583396
0.400609,0.956724,0.591811
0.477891,0.568457,0.543682
0.453797,0.680335,0.518747
0.428582,0.762507,0.518187
0.397637,0.877898,0.523983
0.387913,0.984614,0.481304
0.481219,0.583868,0.520099
0.487435,0.693198,0.478464
0.472364,0.764332,0.475489
0.451795,0.920621,0.473325
0.45318,0.976384,0.446229
0.569634,0.590926,0.583942
0.601787,0.963208,0.624161
0.603885,0.904122,0.611206
0.593689,0.761211,0.61289
0.58828,0.673652,0.596853
0.541889,0.584432,0.58526
0.543564,0.982365,0.65165
0.549701,0.905215,0.622729
0.558684,0.749922,0.611602
0.549445,0.659741,0.59851
0.522149,0.601311,0.48248
0.506659,0.978738,0.436856
0.515087,0.939223,0.464261
0.518323,0.768326,0.453127
0.529488,0.696575,0.455816
0.617496,0.476804,0.512045
0.554024,0.587668,0.468392
0.606308,0.602708,0.494453
0.613313,0.979333,0.441674
0.625982,0.908997,0.459267
0.6054,0.791137,0.468061
0.655935,0.991459,0.550158
0.595116,0.728608,0.47686
0.691831,1.13546,0.586432
0.67873,1.07274,0.566737
0.673445,1.12428,0.636909
0.661049,1.05811,0.615058
0.614874,1.13832,0.680091
0.618189,1.03207,0.642724
0.543688,1.12057,0.685205
0.542185,1.03371,0.669318
0.453987,1.12324,0.67467
0.458695,1.02478,0.656293
0.408037,1.11406,0.651237
0.416509,1.03919,0.642535
0.378653,1.10612,0.623316
0.389232,1.04925,0.602003
0.342241,1.11456,0.544093
0.333711,1.08345,0.505976
0.707775,1.18257,0.601054
0.69504,1.19346,0.641163
0.640441,1.20599,0.688356
0.558539,1.20045,0.701114
0.473427,1.20035,0.688929
0.419908,1.18366,0.675036
0.382012,1.17364,0.655561
0.325777,1.1788,0.574791
0.727453,1.2577,0.618563
0.468719,1.25423,0.693866
0.571217,1.27388,0.703547
0.655204,1.26921,0.684411
0.699461,1.25838,0.662428
0.377802,1.24476,0.67136
0.337684,1.26282,0.62172
0.425035,1.24512,0.694145
1.07437,2.54881,0.186602
1.17351,2.58742,0.203445
1.08639,2.52341,0.246384
1.18155,2.57294,0.236849
1.0961,2.46141,0.302588
1.19218,2.50128,0.301234
1.10857,2.39955,0.32089
1.21916,2.45065,0.321485
1.12123,2.33757,0.339126
1.23666,2.37963,0.348185
1.1423,2.21308,0.375366
1.27905,2.28192,0.371936
1.15398,2.07974,0.391975
1.30331,2.14702,0.387266
1.1941,1.90487,0.391671
1.31696,1.99114,0.371
1.21223,1.79727,0.376825
1.34352,1.88779,0.344199
1.22908,1.75266,0.353435
1.35302,1.85932,0.331178
1.23735,1.71221,0.328164
1.36779,1.82907,0.307215
1.26386,1.6433,0.28481
1.3791,1.79687,0.277646
1.29738,1.62598,0.254208
1.39525,1.75986,0.24946
1.27239,2.62818,0.21677
1.39088,2.69728,0.23766
1.56445,1.95616,0.253268
1.46253,1.88921,0.280555
1.49162,1.87032,0.258615
1.55755,1.97619,0.303758
1.45028,1.92684,0.309031
1.54126,2.03188,0.348197
1.44478,1.9726,0.342198
1.52954,2.13804,0.390564
1.43322,2.05574,0.374959
1.50611,2.25179,0.409351
1.39998,2.20204,0.400147
1.46095,2.36303,0.394051
1.35733,2.32494,0.382497
1.45916,2.45749,0.381492
1.33068,2.42957,0.353126
1.42958,2.5474,0.366795
1.30893,2.49485,0.341832
1.4046,2.65243,0.31392
1.2817,2.55174,0.311464
1.39907,2.67858,0.278161
1.27323,2.60695,0.251025
1.2212,1.51014,0.260274
0.788724,2.45847,0.260822
0.945048,2.48561,0.245446
0.808949,2.40499,0.322046
0.954932,2.4235,0.301579
0.858346,2.33472,0.357963
0.971481,2.35799,0.327049
0.873704,2.24583,0.397363
0.988976,2.28696,0.353749
0.910552,2.12813,0.427898
1.00613,2.16193,0.389565
0.959252,1.99367,0.442912
1.04761,2.02502,0.398561
0.987275,1.88649,0.461325
1.0973,1.85481,0.424626
1.02573,1.79957,0.458617
1.03504,1.71712,0.45472
1.13046,1.75519,0.409511
1.04966,1.62342,0.400959
1.14361,1.6891,0.373082
1.15834,1.61194,0.339091
1.19663,1.54713,0.293326
0.929061,1.98273,0.489153
0.961553,1.8564,0.485878
0.978093,1.77633,0.488135
0.978084,1.69924,0.487795
0.957516,1.62247,0.488144
0.804272,2.2273,0.434999
0.842429,2.11948,0.481157
0.856204,2.11554,0.468858
0.869081,1.43813,0.584637
0.933968,1.51746,0.532692
0.891616,1.49327,0.604068
0.939257,1.59269,0.522231
0.897315,1.58791,0.600965
0.953192,1.6968,0.553176
0.915825,1.6936,0.623261
0.952014,1.77624,0.564536
0.924429,1.77059,0.618663
0.941188,1.85321,0.546022
0.901093,1.87707,0.595027
0.895899,2.00098,0.510797
0.880991,2.00532,0.537567
0.868666,2.12049,0.457423
0.68791,2.45369,0.250984
0.710225,2.40884,0.322175
0.762395,2.29584,0.412209
0.782109,1.35115,0.618192
0.73783,1.29868,0.610469
0.660135,2.44135,0.265301
0.672117,2.4196,0.31558
0.71324,2.32725,0.399639
0.746812,2.24097,0.463921
0.782655,2.14966,0.505988
0.805609,2.02446,0.574983
0.827464,1.91327,0.628789
0.847913,1.79014,0.670551
0.850175,1.66427,0.687346
0.82906,1.57212,0.673513
0.823435,1.50541,0.670216
0.799107,1.41878,0.63131
0.635522,1.38776,0.696741
0.544735,2.45401,0.24982
0.677566,1.52228,0.726804
0.689623,1.59698,0.734902
0.692056,1.65533,0.74262
0.665568,1.80457,0.726703
0.639886,1.91305,0.675983
0.618948,2.04468,0.620449
0.611153,2.17794,0.551414
0.567596,2.31905,0.450208
0.551066,2.39303,0.349496
0.540825,2.43545,0.285843
-0.153483,2.42206,0.242378
0.0732088,2.38686,0.295702
-0.147452,2.38313,0.298771
0.0679414,2.33125,0.375087
-0.124657,2.33935,0.361093
0.0832688,2.2109,0.480331
-0.117327,2.25206,0.449109
0.125851,2.11391,0.556803
-0.144741,2.17962,0.532982
0.154059,2.01281,0.612036
-0.112622,2.02588,0.650357
0.161972,1.84721,0.694265
-0.0143571,1.83574,0.724514
0.156907,1.76576,0.715058
-0.0144051,1.74506,0.753836
0.166799,1.69855,0.725263
-0.0242221,1.67058,0.769538
0.163995,1.63513,0.733453
-0.0129771,1.59673,0.775599
0.171251,1.54392,0.719506
-0.0109971,1.50738,0.772452
0.177515,1.44816,0.6742
-0.00933139,1.40067,0.758377
0.166182,1.39822,0.657718
-0.0194391,1.29935,0.724214
0.162285,1.2853,0.621064
-0.0119021,1.18021,0.655046
0.169549,1.20781,0.577534
-0.0181611,1.09941,0.581404
0.158176,1.14345,0.537923
-0.0145781,1.05878,0.508702
0.154671,1.1084,0.492568
0.150259,1.0383,0.425507
0.150386,1.01879,0.356463
-0.498792,2.42652,0.253562
-0.349714,2.42307,0.238261
-0.497875,2.4032,0.291185
-0.369779,2.39693,0.289034
-0.528233,2.37858,0.366864
-0.361391,2.36964,0.34306
-0.515577,2.33635,0.454105
-0.331213,2.32827,0.411548
-0.549462,2.26731,0.507006
-0.336943,2.2552,0.480125
-0.653472,2.2105,0.540809
-0.431104,2.12276,0.59959
-0.679245,2.07696,0.67679
-0.302845,1.88178,0.764942
-0.583739,1.87284,0.818347
-0.249626,1.75179,0.82051
-0.536606,1.75873,0.869908
-0.244093,1.68097,0.842965
-0.488677,1.61603,0.913068
-0.23704,1.5805,0.851671
-0.487249,1.42303,0.921523
-0.247443,1.45828,0.866372
-0.474694,1.27688,0.896926
-0.242788,1.31298,0.837829
-0.466836,1.15359,0.834516
-0.270393,1.17549,0.786532
-0.483155,1.0629,0.750316
-0.28378,1.08594,0.716972
-0.483988,1.0207,0.686275
-0.283939,1.04042,0.65086
-0.787902,2.45425,0.230368
-0.646213,2.43466,0.238487
-0.793213,2.43309,0.293201
-0.672995,2.41919,0.300695
-0.821928,2.40991,0.398114
-0.700709,2.38845,0.41043
-0.842086,2.39106,0.491306
-0.713188,2.34493,0.507007
-0.870896,2.3555,0.569501
-0.743834,2.29348,0.532821
-0.935991,2.29685,0.63446
-0.815821,2.20518,0.588901
-0.936601,2.17723,0.678916
-0.781376,2.11118,0.65791
-0.893241,2.06543,0.717628
-0.758084,2.03586,0.724385
-0.871707,1.93266,0.767579
-0.74609,1.86662,0.813781
-0.904283,1.81007,0.80631
-0.726953,1.75244,0.856275
-0.908744,1.66903,0.837586
-0.716431,1.52871,0.916604
-0.867219,1.37171,0.856218
-0.726913,1.29636,0.89143
-0.858699,1.26148,0.811409
-0.719888,1.17635,0.831078
-0.870239,1.18254,0.748567
-0.693479,1.09083,0.768091
-0.872576,1.13485,0.662116
-0.671949,1.04469,0.686677
0.470905,1.38235,0.721122
0.472704,1.30155,0.704234
0.39262,2.44913,0.269552
0.402023,2.42802,0.298817
0.407886,2.39335,0.348334
0.411329,2.33364,0.429826
0.416698,2.26791,0.498196
0.440309,2.09333,0.60753
0.445387,2.01961,0.642385
0.466489,1.86495,0.688312
0.474842,1.77865,0.705769
0.479836,1.68825,0.720769
0.481511,1.5961,0.729907
0.48789,1.49895,0.740685
0.273395,1.09316,0.470703
0.281559,1.0361,0.425797
0.287227,1.0041,0.363061
0.285354,1.14265,0.534321
0.353262,1.43082,0.659167
0.30025,1.27027,0.613054
0.290182,1.20123,0.565843
-0.672262,0.998244,0.567892
-0.854192,2.45977,0.230549
-0.867588,2.43957,0.289503
-0.876959,2.41858,0.404827
-0.898047,2.40939,0.489848
-0.949511,2.37069,0.604556
-1.01105,2.29299,0.662284
-1.0163,2.15748,0.692338
-1.04879,1.96938,0.70465
-1.04383,1.87912,0.719735
-1.05034,1.80648,0.741167
-1.04338,1.69445,0.775947
-1.04678,1.55516,0.789242
-1.06221,1.44129,0.74275
-1.03799,1.33993,0.688869
-1.02682,1.26299,0.645762
-0.994331,2.46834,0.225083
-1.0078,2.45022,0.280665
-1.02116,2.44445,0.362753
-1.10271,2.39258,0.52699
-1.13197,2.2915,0.640592
-1.12504,2.1796,0.67546
-1.13971,2.03708,0.68235
-1.14699,1.9211,0.695984
-1.14301,1.86131,0.715785
-1.10411,1.7824,0.746602
-1.08846,1.69639,0.773584
-1.11188,1.55823,0.778535
-1.14852,1.44784,0.734723
-1.15586,1.34664,0.662663
-1.1529,1.29363,0.625066
-1.14841,1.27856,0.596564
-1.03772,1.22982,0.587377
-0.780386,1.03785,0.561831
-0.894176,1.10862,0.565716
-0.8546,1.08893,0.571591
-1.16877,2.481,0.232525
-1.17784,2.46875,0.272582
-1.19431,2.45253,0.362459
-1.20957,2.39515,0.52652
-1.2244,2.27745,0.648333
-1.26419,2.1482,0.687777
-1.26516,2.01839,0.702209
-1.24666,1.92097,0.717382
-1.20351,1.84789,0.73266
-1.16472,1.77129,0.760057
-1.16224,1.68799,0.793894
-1.21639,1.5142,0.791703
-1.2555,1.37563,0.730487
-1.26243,1.26803,0.668822
-1.26564,1.22768,0.632037
-1.26886,1.18733,0.595251
-1.43031,2.5195,0.201136
-1.44109,2.50459,0.267976
-1.44362,2.48438,0.345704
-1.44897,2.4497,0.438063
-1.44996,2.37478,0.557664
-1.43561,2.23602,0.661042
-1.38595,2.048,0.723505
-1.37001,1.96916,0.731206
-1.36332,1.92613,0.732951
-1.34252,1.81236,0.751942
-1.32472,1.71419,0.775997
-1.3165,1.63193,0.786625
-1.30248,1.49569,0.777663
-1.32345,1.31722,0.724519
-1.38351,1.14575,0.685996
-1.5979,2.54758,0.194052
-1.60873,2.50451,0.267346
-1.60769,2.49344,0.331607
-1.62256,2.46853,0.420726
-1.61225,2.41028,0.517334
-1.58725,2.32396,0.586471
-1.54378,2.16618,0.667827
-1.49772,2.01292,0.704485
-1.4822,1.88636,0.711198
-1.48061,1.7963,0.716964
-1.43653,1.71355,0.74042
-1.41992,1.57315,0.762054
-1.40543,1.45429,0.764033
-1.40913,1.28818,0.727468
-1.45361,1.14418,0.696259
-1.80359,2.42257,0.311322
-1.73253,2.47769,0.33908
-1.80687,2.37774,0.397523
-1.74878,2.44069,0.416077
-1.80063,2.31802,0.441035
-1.72382,2.38453,0.475529
-1.78442,2.24738,0.482198
-1.69708,2.31113,0.547962
-1.7694,2.16701,0.507836
-1.68239,2.20671,0.573084
-1.74162,2.01821,0.562086
-1.66108,2.03128,0.606127
-1.70977,1.84709,0.606882
-1.62411,1.88132,0.649727
-1.68522,1.75688,0.635895
-1.59417,1.77859,0.685041
-1.64512,1.6714,0.662427
-1.56195,1.69383,0.70754
-1.61907,1.52332,0.68393
-1.53354,1.52737,0.736453
-1.61693,1.3852,0.674087
-1.53093,1.40662,0.737554
-1.6283,1.23947,0.640995
-1.54701,1.23768,0.709056
-1.64071,1.12447,0.612787
-1.56686,1.12224,0.67123
-1.65779,1.05893,0.596297
-1.60233,1.0447,0.652421
-1.89849,2.38034,0.301655
-1.88217,2.32624,0.362589
-1.87629,2.27511,0.392564
-1.86329,2.20469,0.424417
-1.85656,2.12721,0.442715
-1.83143,2.00345,0.479121
-1.7969,1.85849,0.544926
-1.76151,1.74964,0.576316
-1.73557,1.6297,0.591356
-1.7025,1.49269,0.605351
-1.67735,1.37829,0.619175
-1.67945,1.24799,0.595424
-1.69683,1.16072,0.575001
-1.88736,2.27533,0.264865
-1.88378,2.2407,0.290754
-1.88124,2.18972,0.31119
-1.87091,2.14001,0.332419
-1.86735,2.09092,0.334959
-1.85278,1.98872,0.356792
-1.82593,1.84967,0.402724
-1.8038,1.74149,0.444196
-1.7765,1.62419,0.494074
-1.75374,1.52831,0.500576
-1.69955,1.35749,0.521487
-1.33771,1.10423,0.597525
-1.72529,1.00351,0.577792
-1.49144,0.88704,0.48571
-1.63302,0.565046,0.545617
-1.68991,0.436152,0.651226
-1.7157,0.433309,0.640511
-1.70781,0.349379,0.668987
-1.59797,0.460908,0.631297
-1.63668,0.451925,0.626585
-1.62171,0.38028,0.652994
-1.58173,0.460829,0.597645
-1.56847,0.386473,0.650988
-1.70756,0.324314,0.662975
-1.67292,0.356493,0.667959
-1.71404,0.282812,0.665778
-1.67486,0.294833,0.658169
-1.67028,0.274542,0.645491
-1.52368,0.32911,0.609592
-1.55092,0.384022,0.606316
-1.66112,0.450655,0.632364
-1.65256,0.366398,0.673646
-1.72171,0.331416,0.601208
-1.72014,0.275644,0.590325
-1.70427,0.284002,0.543051
-1.72421,0.424793,0.597514
-1.7069,0.447322,0.558992
-1.68767,0.343115,0.54608
-1.58827,0.314987,0.659218
-1.53439,0.320038,0.651636
-1.62813,0.30424,0.672491
-1.64923,0.297645,0.668872
-1.5782,0.401465,0.570302
-1.6481,0.356057,0.529514
-1.60527,0.388682,0.544118
-1.57978,0.316723,0.551052
-1.54306,0.325147,0.579176
-1.63506,0.455821,0.543624
-1.65596,0.45952,0.546273
-1.59214,0.45386,0.574697
-1.69783,1.16745,0.517387
-1.68523,1.26172,0.532935
-1.75772,1.54351,0.467334
-1.82936,2.04898,0.298702
-1.81983,1.99042,0.295233
-1.81106,1.87467,0.313469
-1.80233,1.74539,0.361235
-1.78202,1.64523,0.412387
-1.8495,2.08153,0.171528
-1.94743,1.59647,0.179974
-1.93483,1.74598,0.192965
-1.93977,1.74542,0.171528
-1.94675,1.8993,0.194949
-1.96565,2.12222,0.196937
-1.95396,2.33198,0.19892
-1.88259,2.46785,0.200904
-1.78155,2.54436,0.202887
-1.67951,2.56371,0.20487
-1.92965,1.5959,0.194217
-1.92134,1.7475,0.208658
-1.93208,1.90096,0.212096
-1.94972,2.12386,0.215534
-1.93671,2.33122,0.218973
-1.86584,2.45996,0.222411
-1.77105,2.52761,0.225849
-1.67478,2.54446,0.229287
-1.90538,1.59513,0.199431
-1.9029,1.74957,0.214406
-1.91204,1.90323,0.218378
-1.92796,2.1261,0.222349
-1.91315,2.33018,0.226321
-1.84296,2.44918,0.230288
-1.75672,2.50473,0.234259
-1.88111,1.59436,0.19423
-1.88447,1.75164,0.208671
-1.892,1.90549,0.212109
-1.90619,2.12834,0.215552
-1.88958,2.32913,0.21899
-1.82007,2.4384,0.222428
-1.74237,2.48185,0.225866
-1.86333,1.59379,0.179996
-1.87097,1.75315,0.192987
-1.87732,1.90715,0.194975
-1.89025,2.12998,0.196958
-1.87232,2.32836,0.198946
-1.80331,2.4305,0.200934
-1.73187,2.46509,0.202922
-1.85681,1.59358,0.160547
-1.86602,1.75371,0.171554
-1.8633,1.59379,0.141094
-1.87096,1.75316,0.150113
-1.88107,1.59435,0.126843
-1.88444,1.75164,0.134412
-1.90534,1.59513,0.121615
-1.90287,1.74957,0.12865
-1.92961,1.5959,0.126808
-1.92131,1.7475,0.134372
-1.94739,1.59647,0.141033
-1.93481,1.74598,0.150048
-1.95393,1.59668,0.160526
1.8466,2.50903,0.441784
1.92373,2.5841,0.424032
1.88273,2.57073,0.452765
1.94835,2.56566,0.402151
1.89099,2.497,0.443975
1.92762,2.49109,0.425143
1.94834,2.49269,0.401071
1.91144,2.47142,0.430658
1.93592,2.46574,0.415511
1.94451,2.47596,0.394467
1.95703,2.50648,0.375702
1.93654,2.58494,0.391875
1.91605,2.59867,0.406338
1.96084,2.5517,0.383535
1.89979,2.60302,0.40953
1.87529,2.60064,0.425456
1.86308,2.61343,0.432073
1.84246,2.57881,0.451045
1.8958,2.63153,0.410826
1.9202,2.63034,0.399228
1.95306,2.60794,0.377915
1.97734,2.56254,0.370747
1.98549,2.51769,0.367141
1.96534,2.48525,0.365823
1.94842,2.4559,0.396499
1.92381,2.44569,0.417169
1.8952,2.44726,0.432619
1.88701,2.48027,0.437371
1.87096,2.47222,0.437777
1.98982,2.51218,0.35151
1.99403,2.54424,0.348508
1.97764,2.46796,0.355504
1.96074,2.44668,0.385554
1.91584,2.42092,0.411403
1.89144,2.42209,0.422847
1.84282,2.4394,0.432165
1.98162,2.57354,0.357664
1.9655,2.60638,0.36209
1.92464,2.64118,0.386162
1.89991,2.64708,0.405272
1.83252,2.57726,0.442308
1.86727,2.62465,0.422948
1.83842,2.50941,0.445544
1.81869,2.45909,0.425712
1.83916,2.64038,0.416631
1.88028,2.66522,0.382808
1.9052,2.65854,0.355645
1.95022,2.62691,0.323386
1.97881,2.58484,0.307866
1.99478,2.54114,0.316448
1.99854,2.50141,0.324524
1.81844,2.50075,0.437786
1.87833,2.67714,0.296612
1.83713,2.69321,0.334609
1.93938,2.62599,0.270599
1.9838,2.58056,0.263745
2.00804,2.5361,0.264617
2.0193,2.48668,0.298044
2.01069,2.43594,0.318859
1.99758,2.39576,0.362949
1.94442,2.34228,0.395274
1.86313,2.32909,0.423049
1.91994,2.33517,0.403526
1.82665,2.34189,0.429097
1.78246,2.40248,0.426202
1.81451,2.58177,0.437994
1.75428,2.49157,0.425065
1.74618,2.55648,0.426736
1.7918,2.67743,0.379578
1.75861,2.61998,0.412749
2.02104,2.53616,0.224406
2.04845,2.47473,0.259372
2.04758,2.40116,0.294853
2.05478,2.31556,0.331524
1.81054,2.31378,0.431443
1.75805,2.38678,0.431298
1.77411,2.34665,0.435552
1.75836,2.46662,0.41944
1.72179,2.42373,0.43486
1.70188,2.50793,0.426255
1.70206,2.57222,0.42004
1.79109,2.72404,0.233281
1.76578,2.73304,0.284451
1.7194,2.70465,0.367129
1.68287,2.64527,0.38016
2.05037,2.28427,0.342579
2.02178,2.22489,0.355791
1.93231,2.22487,0.394225
1.8469,2.28054,0.42338
2.09355,2.47121,0.224239
2.13793,2.42263,0.225975
2.11647,2.35906,0.280265
2.12091,2.39367,0.260755
2.09937,2.29804,0.318144
2.0829,2.26265,0.329315
2.06689,2.2017,0.326706
2.06241,2.17475,0.341327
1.94834,2.19241,0.393749
1.83458,2.22074,0.432862
1.79398,2.24633,0.445713
1.74139,2.29608,0.455789
1.70117,2.35668,0.453145
1.71381,2.46386,0.430795
1.6815,2.46033,0.434534
1.67741,2.50478,0.434124
2.21863,2.36124,0.221664
2.20164,2.34034,0.255668
2.18482,2.31455,0.282011
2.16002,2.27268,0.309883
2.13968,2.23705,0.316844
2.12742,2.19732,0.324386
2.12323,2.17316,0.326625
2.27397,2.31257,0.264017
2.27898,2.32503,0.226566
2.25484,2.34076,0.220341
2.23728,2.29446,0.285167
2.22043,2.26064,0.312449
2.26504,2.2795,0.299379
2.2525,2.24505,0.318686
2.2483,2.19314,0.327595
2.20028,2.22424,0.311356
2.25175,2.34533,0.171933
2.25403,2.31985,0.254716
2.20801,2.19728,0.32626
2.16342,2.16958,0.332052
2.34292,2.29053,0.247491
2.35535,2.28898,0.231824
2.3232,2.30906,0.229135
2.3837,2.26402,0.226763
2.36697,2.26635,0.250391
2.31047,2.30371,0.257585
2.39196,2.22273,0.218824
2.36397,2.14467,0.205472
2.35922,2.13166,0.238992
2.37591,2.16944,0.211326
2.3301,2.1192,0.275884
2.34205,2.14794,0.281513
2.30498,2.15516,0.31233
2.37106,2.15698,0.248941
2.37493,2.18983,0.253988
2.25222,2.14474,0.32838
2.28875,2.1479,0.320789
2.25621,2.16148,0.334988
2.21572,2.16228,0.342102
2.15951,2.12474,0.328164
2.24839,2.12391,0.322173
2.20776,2.14144,0.335803
2.18791,2.11178,0.321944
2.20798,2.12022,0.325739
2.14357,2.10747,0.317342
2.13949,2.13637,0.322588
2.16387,2.09468,0.310919
2.11926,2.14071,0.325687
2.1167,2.06999,0.263572
2.1154,2.11182,0.320256
2.17749,2.06036,0.249805
2.19283,2.08351,0.280296
2.21796,2.05561,0.243074
2.23339,2.07838,0.269615
2.2626,2.05403,0.227994
2.28199,2.08547,0.261923
2.05843,2.13836,0.340772
2.0838,2.0804,0.286204
2.05054,2.10907,0.33114
2.3035,2.06763,0.203388
2.32051,2.09659,0.171933
2.3273,2.08922,0.217956
2.20269,2.04763,0.202982
2.14999,2.05331,0.217318
2.06121,2.05376,0.219363
2.10931,2.05489,0.232486
2.06855,2.05685,0.251604
2.03908,2.08631,0.304846
2.01242,2.04316,0.235361
1.93591,2.0312,0.234744
2.01976,2.04627,0.267765
1.95054,2.03701,0.29528
1.82507,2.01936,0.318476
1.95403,2.08024,0.323713
1.83245,2.06706,0.350395
1.95688,2.14995,0.373652
1.96136,2.09905,0.350294
1.83881,2.14662,0.419876
1.83953,2.09889,0.387987
1.76152,2.18655,0.454727
1.72991,2.13134,0.42696
1.68734,2.0546,0.344251
1.69477,2.08581,0.373777
1.65819,2.09899,0.383774
1.80639,2.0051,0.254519
1.66945,1.98846,0.244976
1.65215,2.00194,0.299883
1.60656,2.05542,0.350427
1.70911,2.23554,0.456909
1.64249,2.08151,0.368994
1.57342,2.12438,0.391629
1.63338,2.15479,0.414322
1.58852,2.27495,0.442168
1.5489,2.24786,0.411498
1.6729,2.17832,0.449481
1.62039,2.28849,0.457866
1.65647,2.32541,0.463107
1.68936,2.41252,0.443323
1.64881,2.42176,0.453607
1.64502,2.47313,0.440581
1.64544,2.52013,0.423765
1.61703,2.45996,0.428926
1.60896,2.41179,0.433396
1.56457,2.39137,0.430355
1.54097,2.37296,0.40735
1.57681,2.4555,0.424439
1.54506,2.44963,0.404017
1.66209,2.81752,0.23337
1.7106,2.79256,0.22893
1.65757,2.81986,0.257438
1.7052,2.78638,0.290164
1.66088,2.82257,0.285636
1.59372,2.8215,0.231395
1.60081,2.82105,0.268123
1.60448,2.82693,0.287893
1.60372,2.82608,0.320333
1.70068,2.77986,0.306795
1.65603,2.80994,0.323105
1.69229,2.7818,0.326667
1.72026,2.74578,0.330802
1.54579,2.74286,0.379662
1.55013,2.78654,0.37155
1.53904,2.786,0.32271
1.53049,2.73171,0.348012
1.53554,2.78406,0.30256
1.54843,2.81302,0.267687
1.55604,2.8069,0.288709
1.55566,2.80846,0.304816
1.56292,2.81193,0.341007
1.52397,2.79018,0.281445
1.51123,2.7483,0.3096
1.52694,2.73745,0.323137
1.52186,2.79405,0.171079
1.45412,2.69009,0.334158
1.49439,2.71462,0.33671
1.52236,2.71971,0.348986
1.54537,2.69586,0.396479
1.49667,2.68504,0.408513
1.44855,2.62373,0.401209
1.46882,2.66778,0.397418
1.5614,2.70862,0.403589
1.51596,2.68045,0.445766
1.56069,2.68733,0.434018
1.47982,2.66004,0.442914
1.46374,2.6272,0.437585
1.5309,2.6735,0.499572
1.57557,2.68392,0.483331
1.48714,2.61868,0.475473
1.5071,2.65189,0.484844
1.60506,2.69497,0.430319
1.642,2.67612,0.404616
1.60466,2.68451,0.447432
1.58707,2.69507,0.514893
1.61228,2.68234,0.46807
1.54606,2.67775,0.544006
1.52207,2.64414,0.530433
1.60614,2.71582,0.561968
1.63152,2.69821,0.507488
1.55741,2.69284,0.575179
1.5375,2.64724,0.563022
1.57975,2.73265,0.652863
1.55628,2.69355,0.623725
1.5385,2.66359,0.690959
1.5968,2.74133,0.616059
1.64655,2.72332,0.558194
1.62855,2.7472,0.636482
1.61192,2.75309,0.655777
1.58632,2.76341,0.718936
1.55267,2.74919,0.780288
1.5541,2.72293,0.718116
1.53176,2.7118,0.811807
1.53688,2.69065,0.761343
1.53208,2.65267,0.618987
1.50652,2.61371,0.508776
1.52114,2.61557,0.569692
1.52013,2.62378,0.613367
1.52747,2.55788,0.644312
1.52214,2.60831,0.70406
1.54776,2.63882,0.811101
1.55672,2.57833,0.772666
1.57826,2.50348,0.711508
1.52507,2.54733,0.576383
1.43331,2.6238,0.360342
1.47699,2.54919,0.384674
1.49647,2.54779,0.413649
1.55267,2.51252,0.426498
1.50365,2.55577,0.453551
1.5189,2.55964,0.494035
1.57743,2.48223,0.57576
1.56756,2.48567,0.652224
1.66225,2.61082,0.399278
1.64994,2.62399,0.409839
1.64581,2.58744,0.409293
1.57683,2.73268,0.778459
1.57294,2.69179,0.774191
1.58586,2.69634,0.737529
1.57705,2.71145,0.768236
1.57367,2.68474,0.742515
1.59831,2.73529,0.721933
1.59825,2.71523,0.723869
1.59904,2.69562,0.689265
1.63235,2.65832,0.470861
1.62902,2.6151,0.442587
1.67912,2.65289,0.541364
1.64483,2.71434,0.631902
1.61956,2.72667,0.674617
1.60748,2.71862,0.675115
1.6419,2.66879,0.579468
1.67417,2.69278,0.577894
1.6386,2.63758,0.550035
1.63258,2.70234,0.632779
1.66741,2.60672,0.525301
1.60455,2.68585,0.629579
1.60939,2.66191,0.591497
1.63918,2.61085,0.524247
1.59829,2.63365,0.549479
1.5787,2.59872,0.524018
1.57778,2.60671,0.563731
1.5768,2.62693,0.606406
1.57931,2.64529,0.669433
1.57843,2.66513,0.708004
1.56934,2.5837,0.577881
1.56408,2.58914,0.634005
1.56679,2.61464,0.688374
1.56989,2.63857,0.726637
1.57186,2.53701,0.639224
1.57457,2.56738,0.701101
1.56553,2.59961,0.742427
1.56085,2.64733,0.774064
1.56052,2.66484,0.788628
1.56845,2.69744,0.789646
1.6136,2.51861,0.407067
1.63375,2.55104,0.408385
1.63518,2.5859,0.518433
1.66764,2.58961,0.51484
1.61928,2.56509,0.512103
1.58137,2.53924,0.578471
1.85875,2.57369,0.4398
1.55602,2.699,0.805472
1.53758,2.49982,0.378737
1.43536,2.71673,0.274375
-1.57817,0.904205,0.460553
-1.70887,0.982264,-0.112112
-1.69784,1.16745,-0.174333
1.60371,2.82608,0.0226969
2.28493,2.12235,0.307067
-1.81052,1.76408,0.0223219
-1.81797,1.77651,0.171528
-1.81452,1.88563,0.171528
-1.82443,1.9693,0.171528
-1.81051,1.76408,0.320734
-1.88214,1.26007,0.215076
-1.87268,1.43668,0.205722
-1.88297,1.34473,0.21061
0.678056,0.291923,-0.299629
0.704505,0.297985,-0.259978
0.725369,0.288467,-0.220331
-1.52541,0.268984,-0.362264
-1.49626,0.275045,-0.322613
-1.47327,0.265528,-0.282967
0.67806,0.291923,0.642666
0.616351,0.294745,0.641062
0.704509,0.297985,0.603015
0.725371,0.288467,0.563369
0.712204,0.28607,0.524291
-1.5254,0.268984,0.705318
-1.59341,0.2718,0.703718
-1.49625,0.275045,0.665667
-1.47326,0.265528,0.62602
-1.48777,0.26313,0.586947
2.33635,2.12996,0.171932
2.34772,2.12462,0.135992
2.33929,2.11456,0.114961
2.2859,2.10196,0.0786205
2.24953,2.09881,0.0710258
2.20492,2.09961,0.0640039
2.34773,2.12462,0.207033
2.3393,2.11456,0.228064
2.28591,2.10196,0.264405
2.24954,2.09881,0.272
2.20493,2.09961,0.279022
1.66282,2.81948,-0.0360851
1.6909,2.79568,-0.0430231
1.70682,2.75966,-0.0468761
1.70641,2.71264,-0.0635341
1.59667,2.72464,-0.100338
1.6496,2.70656,-0.0830581
1.55715,2.79847,-0.0680391
1.56495,2.76323,-0.0797611
1.57781,2.81658,-0.0465151
1.61024,2.83662,0.388359
1.66283,2.81948,0.379115
1.69091,2.79568,0.386053
1.70683,2.75966,0.389906
1.70642,2.71264,0.406564
1.64961,2.70656,0.426088
1.59668,2.72464,0.443367
1.56496,2.76323,0.42279
1.55716,2.79847,0.411069
1.57782,2.81658,0.389544
1.61023,2.83662,-0.0453291
-1.90097,1.43366,0.209209
-1.89605,1.29648,0.214265
-1.89795,1.17634,0.22052
-1.86831,1.17702,0.206026
-1.90235,1.07702,0.216028
-1.85648,1.13207,0.196738
-1.93756,0.99313,0.207468
-1.83104,1.05643,0.12552
-1.87561,0.977949,0.120733
-1.96699,0.908247,0.179291
-1.93971,0.892176,0.121232
-1.91784,1.4408,0.199855
-1.92972,1.32752,0.215274
-1.94621,1.24709,0.222786
-1.96443,1.12364,0.236909
-1.9774,1.02429,0.237275
-2.02205,0.947987,0.228979
-2.06256,0.870153,0.224492
-1.93534,1.4493,0.196024
-1.97165,1.33548,0.211898
-1.99318,1.25485,0.233599
-2.00407,1.16413,0.243927
-2.02362,1.05676,0.23948
-2.08334,0.940105,0.244637
-2.1068,0.832106,0.239899
-1.96955,1.40236,0.205859
-2.00566,1.31673,0.215292
-2.02841,1.21984,0.231615
-2.0723,1.13804,0.224757
-2.09648,0.97526,0.238175
-2.14657,0.846622,0.249865
-1.98555,1.43437,0.187993
-2.04649,1.26197,0.22026
-2.11565,1.13844,0.202337
-2.11632,1.03035,0.220706
-2.15184,0.911003,0.237796
-2.19399,0.832715,0.256597
-2.00443,1.43507,0.165176
-2.06489,1.29366,0.178727
-2.11838,1.16548,0.181258
-2.16246,0.997221,0.196629
-2.20227,0.87226,0.229205
-2.21183,0.791419,0.255151
-1.98088,1.44233,0.107474
-2.03415,1.29324,0.0970447
-2.11066,1.16799,0.125671
-2.1267,1.04589,0.107338
-2.16136,0.933599,0.152314
-2.18596,0.812274,0.19163
-1.97588,1.41446,0.0996056
-2.01009,1.2553,0.072941
-2.06465,1.09204,0.0537619
-2.10432,0.944191,0.0768162
-2.13569,0.88674,0.127501
-2.17027,0.821152,0.182558
-1.95961,1.34511,0.0846136
-1.97912,1.20238,0.0440599
-2.01597,1.07329,0.0456159
-2.04753,0.952598,0.0664479
-2.09279,0.882628,0.109524
-2.15693,0.814183,0.18258
-1.90185,1.35819,0.105689
-1.91733,1.21623,0.0655129
-1.93614,1.13348,0.0525929
-2.01533,0.988735,0.0501519
-2.00547,0.907917,0.0900181
-2.04839,0.840231,0.153314
-2.10017,0.818432,0.179159
-1.8255,1.34396,0.155707
1.66964,2.8328,-0.0915701
1.69765,2.80877,-0.0945411
1.63335,2.84893,-0.0891671
1.69258,2.85395,-0.142841
1.72104,2.82875,-0.133658
1.6684,2.8624,-0.14545
1.71626,2.86788,-0.162298
1.74066,2.84308,-0.157127
1.69585,2.87316,-0.173433
1.75214,2.8739,-0.1828
1.76444,2.85661,-0.172476
1.70546,2.77748,-0.105883
1.72482,2.79692,-0.140972
1.74047,2.80729,-0.164572
1.7724,2.81254,-0.176924
1.80858,2.8253,-0.184665
1.80059,2.86132,-0.180993
1.73579,2.87863,-0.189937
1.79625,2.88254,-0.190964
1.83272,2.82855,-0.184445
1.84091,2.86275,-0.181152
1.79193,2.89216,-0.206198
1.83249,2.87955,-0.195514
1.87323,2.83529,-0.176568
1.87322,2.86628,-0.17756
1.86902,2.88254,-0.187928
1.86445,2.89203,-0.207107
1.99436,2.89622,-0.169995
1.70544,2.73698,-0.105812
1.72039,2.7664,-0.159926
1.65251,2.73127,-0.129374
1.67959,2.75241,-0.180587
1.74841,2.78762,-0.170806
1.70721,2.77106,-0.207812
1.77633,2.79642,-0.178573
1.75558,2.78676,-0.203426
1.8124,2.80564,-0.190801
1.81174,2.80423,-0.219149
1.84407,2.81207,-0.214773
1.83644,2.81023,-0.194531
1.88861,2.82309,-0.2107
1.87685,2.81735,-0.190758
1.73057,2.80266,-0.241816
1.80308,2.80657,-0.243121
1.84766,2.82177,-0.23811
1.6666,2.79271,-0.22104
1.62701,2.77762,-0.18921
1.59615,2.74293,-0.122956
1.90042,2.83184,-0.222201
1.83523,2.84585,-0.247649
1.88804,2.85236,-0.235932
1.78256,2.84075,-0.259594
1.7142,2.8359,-0.250341
1.66246,2.8212,-0.222178
1.61901,2.80575,-0.186305
1.57231,2.77028,-0.111622
1.61498,2.84176,-0.182725
1.66237,2.85405,-0.227132
1.71429,2.86796,-0.247242
1.78659,2.87359,-0.264645
1.57222,2.80723,-0.11618
1.84311,2.86976,-0.257519
1.8919,2.87966,-0.241376
1.78299,2.89171,-0.242552
1.71499,2.88136,-0.217576
1.6673,2.87511,-0.192833
1.6317,2.86398,-0.160711
1.58878,2.84207,-0.101074
1.82819,2.89242,-0.210215
1.83536,2.89162,-0.242994
1.87605,2.89387,-0.227442
1.63336,2.84893,0.432197
1.66965,2.8328,0.4346
1.66841,2.8624,0.48848
1.69766,2.80877,0.437571
1.69259,2.85395,0.48587
1.69586,2.87316,0.516463
1.74067,2.84308,0.500157
1.72105,2.82875,0.476688
1.71627,2.86788,0.505328
1.7358,2.87863,0.532967
1.76445,2.85661,0.515506
1.70547,2.77748,0.448913
1.72483,2.79692,0.484001
1.74048,2.80729,0.507602
1.77241,2.81254,0.519954
1.8006,2.86132,0.524023
1.75215,2.8739,0.52583
1.79626,2.88254,0.533994
1.79194,2.89216,0.549228
1.80859,2.8253,0.527695
1.84092,2.86275,0.52418
1.8325,2.87955,0.538542
1.8282,2.89242,0.553243
1.83273,2.82855,0.527473
1.87323,2.86628,0.520588
1.86903,2.88254,0.530956
1.86446,2.89203,0.550135
1.99437,2.89622,0.513023
1.87324,2.83529,0.519596
1.70545,2.73698,0.448842
1.65252,2.73127,0.472404
1.7204,2.7664,0.502956
1.6796,2.75241,0.523617
1.74842,2.78762,0.513835
1.70722,2.77106,0.550841
1.77634,2.79642,0.521602
1.75559,2.78676,0.546455
1.81241,2.80564,0.533831
1.81175,2.80423,0.562179
1.83645,2.81023,0.537559
1.84408,2.81207,0.557801
1.87686,2.81735,0.533786
1.80309,2.80657,0.58615
1.84767,2.82177,0.581137
1.88862,2.82309,0.553728
1.90043,2.83184,0.565229
1.66661,2.79271,0.56407
1.62702,2.77762,0.532239
1.59616,2.74293,0.465985
1.88805,2.85236,0.57896
1.83524,2.84585,0.590677
1.78257,2.84075,0.602624
1.71421,2.8359,0.593371
1.73058,2.80266,0.584846
1.66247,2.8212,0.565207
1.61902,2.80575,0.529334
1.57232,2.77028,0.454652
1.66238,2.85405,0.570162
1.61499,2.84176,0.525755
1.7143,2.86796,0.590272
1.7866,2.87359,0.607675
1.57223,2.80723,0.45921
1.84312,2.86976,0.600546
1.89191,2.87966,0.584404
1.715,2.88136,0.560605
1.783,2.89171,0.585582
1.66731,2.87511,0.535863
1.63171,2.86398,0.503741
1.58879,2.84207,0.444103
1.83537,2.89162,0.586022
1.87606,2.89387,0.57047
-0.733071,0.927194,-0.149051
-0.792752,0.950098,-0.131463
-0.781344,0.984296,-0.180768
-0.858706,0.947088,-0.145397
-0.732396,0.905118,-0.130498
-0.81046,0.933881,-0.0744131
-0.680579,0.897487,-0.16727
-0.61038,0.892674,-0.167245
-0.682907,0.889279,-0.0483301
-0.74082,0.899145,-0.0369931
-0.827374,0.926603,-0.0419301
-0.868091,0.933056,-0.0799761
-0.863256,0.922204,0.0168789
-0.872156,0.931509,-0.0270171
-0.680764,0.876209,0.00725592
-0.482981,0.86418,0.000483919
-0.485863,0.859446,0.171523
-0.673485,0.874909,0.171524
-0.867319,0.919837,0.171524
-1.63595,0.935851,-0.109953
-1.03773,1.22982,-0.244327
-0.854603,1.08893,-0.228543
-0.894179,1.10862,-0.222666
-0.780388,1.03785,-0.218783
-1.75773,1.54351,-0.124278
-1.57818,0.904205,-0.1175
-0.79275,0.950098,0.474511
-0.733069,0.927194,0.492099
-0.858704,0.947088,0.488445
-0.781342,0.984296,0.523816
-0.732394,0.905118,0.473545
-0.680577,0.897487,0.510318
-0.610378,0.892674,0.51029
-0.500718,0.890924,0.525578
-0.551838,0.900212,0.532582
-0.49146,0.881631,0.420065
-0.682905,0.889279,0.391378
-0.810458,0.933881,0.417461
-0.827372,0.926603,0.384978
-0.740818,0.899145,0.380041
-0.868089,0.933056,0.423024
-0.872154,0.931509,0.370065
-0.863254,0.922204,0.326169
-0.680762,0.876209,0.335792
-0.482979,0.86418,0.342562
-1.18653,1.18212,-0.256484
-1.14766,1.19598,-0.254607
-1.28252,1.0913,-0.254632
-1.20504,1.09526,-0.250537
-1.15224,1.10093,-0.243239
-1.0353,1.11762,-0.231685
-1.0055,1.11405,-0.224072
-1.31785,0.99507,-0.21957
-1.2324,1.0003,-0.216061
-1.15568,0.991001,-0.194048
-1.03567,1.03036,-0.201326
-1.03625,0.996366,-0.170743
-0.995431,1.05622,-0.211703
-0.953911,1.05879,-0.198086
-0.936311,0.994214,-0.152784
-0.983711,0.99894,-0.175913
-0.904564,0.949463,-0.0958891
-0.958091,0.977358,-0.0954351
-0.921821,0.950706,-0.0496481
-0.946881,0.931954,0.0136489
-0.961781,0.925232,0.171525
-1.04544,0.906908,0.171525
-1.02968,0.901684,-0.00770409
-1.02252,0.94461,-0.0957561
-1.35802,0.921543,-0.146599
-1.25141,0.906573,-0.120339
-1.15017,0.914304,-0.117995
-1.08219,0.87315,-0.00549209
-1.1055,0.873194,-0.0439961
-1.1457,0.880516,-0.0732271
-1.1894,0.856937,-0.0501581
-1.21152,0.85371,-0.0249791
-1.27368,0.853543,-0.0359151
-1.33046,0.845141,-0.0462831
-1.33946,0.860825,-0.0799391
-1.37514,0.871691,-0.0970691
-1.419,0.866851,-0.0904701
-1.44225,0.864034,-0.0797661
-1.44641,0.851008,-0.0527491
-1.43541,0.846045,-0.0256881
-1.52696,0.894587,0.171527
-1.40439,0.839962,-0.00697209
-1.42324,0.862866,0.171526
-1.35578,0.837846,-0.0186661
-1.28709,0.855774,0.171526
-1.19854,0.84076,0.0117499
-1.16134,0.849113,0.0360469
-1.17465,0.868786,0.171525
-1.11003,0.854186,0.0197759
-1.6278,0.926837,-0.0188281
-1.7133,0.974819,-0.0222661
-1.76938,1.02549,-0.00760908
-1.82042,1.09522,0.00488791
-1.80986,1.09322,-0.0789631
-1.85644,1.17714,0.0243849
-1.85274,1.16932,-0.0513511
-1.87713,1.25865,0.0303139
-1.86891,1.25438,-0.0333171
-1.87276,1.3581,0.0257429
-1.86799,1.35612,-0.0252021
-1.84632,1.52525,0.0223179
-1.83722,1.52701,-0.0164561
-1.82588,1.65322,0.0195139
-1.80801,1.65061,-0.0212031
-1.83182,1.65666,0.171528
-1.87143,1.36197,0.171528
-1.87372,1.27115,0.171528
-1.86128,1.1761,0.171528
-1.80465,1.07728,0.171528
-1.75862,1.02095,0.171528
-1.69397,0.970318,0.171527
-1.62312,0.933982,0.171527
-1.54882,0.891792,-0.0235631
-1.85558,1.52266,0.171528
-1.80671,1.53973,-0.0756961
-1.82576,1.35704,-0.114748
-1.81701,1.24557,-0.126121
-1.79165,1.15926,-0.133637
-1.76768,1.36167,-0.149444
-1.73117,1.25249,-0.166226
-1.10441,0.801161,-0.0219471
-1.12094,0.801192,-0.0492551
-1.14945,0.806385,-0.0699821
-1.18044,0.789665,-0.0536231
-1.19612,0.787377,-0.0357701
-1.18692,0.778191,-0.00972209
-1.16054,0.784115,0.00750891
-1.12415,0.787712,-0.00403209
-1.35372,0.781299,-0.0508761
-1.3601,0.79242,-0.0747421
-1.38541,0.800125,-0.0868911
-1.4165,0.796691,-0.0822091
-1.43299,0.794695,-0.0746221
-1.43594,0.78546,-0.0554601
-1.42815,0.781938,-0.0362711
-1.40614,0.777627,-0.0229951
-1.37168,0.776123,-0.0312911
-1.16264,0.743151,0.00898992
-1.12714,0.746664,-0.00226909
-1.18837,0.737376,-0.00781808
-1.19734,0.746333,-0.0332261
-1.18204,0.748564,-0.0506431
-1.15182,0.764874,-0.0666011
-1.124,0.759809,-0.0463811
-1.10788,0.759778,-0.0197431
-1.37743,0.735357,-0.0288581
-1.35991,0.740404,-0.0479631
-1.41105,0.736821,-0.0207691
-1.43251,0.74103,-0.0337151
-1.44012,0.744464,-0.0524311
-1.43724,0.753474,-0.0711221
-1.42116,0.755423,-0.0785291
-1.39082,0.758773,-0.0830951
-1.36614,0.751253,-0.0712421
-1.15516,0.725232,-0.0272101
-1.39963,0.720154,-0.0535701
-1.18652,1.18212,0.599536
-1.14765,1.19598,0.597657
-1.28251,1.0913,0.597684
-1.20503,1.09526,0.593589
-1.15223,1.10093,0.586288
-1.00549,1.11405,0.567122
-1.03529,1.11762,0.574735
-1.31784,0.99507,0.562622
-1.23239,1.0003,0.559113
-1.03566,1.03036,0.544376
-1.15567,0.991001,0.537098
-0.995421,1.05622,0.554753
-0.936301,0.994214,0.495834
-0.953901,1.05879,0.541136
-0.983701,0.99894,0.518963
-1.03624,0.996366,0.513793
-0.904562,0.949463,0.438938
-0.958081,0.977358,0.438484
-0.921811,0.950706,0.392697
-0.946871,0.931954,0.329401
-1.02251,0.94461,0.438806
-1.02967,0.901684,0.350754
-1.35801,0.921543,0.48965
-1.2514,0.906573,0.463391
-1.15016,0.914304,0.461045
-1.08218,0.87315,0.348541
-1.14569,0.880516,0.416276
-1.10549,0.873194,0.387046
-1.18939,0.856937,0.39321
-1.21151,0.85371,0.368031
-1.33945,0.860825,0.422991
-1.33045,0.845141,0.389335
-1.27367,0.853543,0.378967
-1.37513,0.871691,0.440121
-1.41899,0.866851,0.433522
-1.44224,0.864034,0.42282
-1.4354,0.846045,0.368741
-1.4464,0.851008,0.395803
-1.54881,0.891792,0.366617
-1.40438,0.839962,0.350023
-1.35577,0.837846,0.361718
-1.19853,0.84076,0.331302
-1.16133,0.849113,0.307005
-1.11002,0.854186,0.323274
-1.71329,0.974819,0.365322
-1.62779,0.926837,0.361882
-1.76937,1.02549,0.350665
-1.82041,1.09522,0.338168
-1.85643,1.17714,0.318671
-1.80985,1.09322,0.422019
-1.87712,1.25865,0.312742
-1.85273,1.16932,0.394406
-1.87275,1.3581,0.317313
-1.8689,1.25438,0.376373
-1.84631,1.52525,0.320738
-1.86798,1.35612,0.368257
-1.82587,1.65322,0.323542
-1.83721,1.52701,0.359512
-1.808,1.65061,0.364259
-1.8067,1.53973,0.418752
-1.82575,1.35704,0.457804
-1.817,1.24557,0.469177
-1.79164,1.15926,0.476693
-1.76767,1.36167,0.4925
-1.73116,1.25249,0.509282
-1.12093,0.801192,0.392305
-1.1044,0.801161,0.364997
-1.14944,0.806385,0.413032
-1.18043,0.789665,0.396674
-1.19611,0.787377,0.378822
-1.18691,0.778191,0.352774
-1.16053,0.784115,0.335543
-1.12414,0.787712,0.347082
-1.36009,0.79242,0.417794
-1.35371,0.781299,0.393928
-1.3854,0.800125,0.429942
-1.41649,0.796691,0.425261
-1.43298,0.794695,0.417676
-1.43593,0.78546,0.398514
-1.42814,0.781938,0.379324
-1.40613,0.777627,0.366047
-1.37167,0.776123,0.374343
-1.12713,0.746664,0.345319
-1.16263,0.743151,0.334062
-1.18836,0.737376,0.35087
-1.19733,0.746333,0.376278
-1.18203,0.748564,0.393695
-1.15181,0.764874,0.409651
-1.12399,0.759809,0.389431
-1.10787,0.759778,0.362793
-1.3599,0.740404,0.391014
-1.37742,0.735357,0.37191
-1.41104,0.736821,0.363821
-1.4325,0.74103,0.376768
-1.44011,0.744464,0.395485
-1.43723,0.753474,0.414176
-1.42115,0.755423,0.42158
-1.39081,0.758773,0.426147
-1.36613,0.751253,0.414294
-1.15515,0.725232,0.37026
-1.39962,0.720154,0.396622
